11643744
11781279
11768380
11666020
11660798
11895962
11890649
11891324
11843419
11746373
11781555
11744359
11842964
11816211
11793596
11692401
11890074
11642671
11793598
11793726
11640635
11695503
11816203
11735369
11808335
11889033
11673950
11769013
11781479
11641757
11772700
11824236
11769511
11643743
11807296
11641659
11643742
11890961
11895968
11756567
11890088
11703779
11831915
11795874
11804634
11793321
11747491
11809694
11639007
11828725
11807125
11890585
11743837
11898810
11798459
11842832
11816206
11666416
11667148
11667277
11665941
11395467
11831550
11767001
11797550
11843276
11689864
11703739
11819930
11735520
11807481
11890081
11425512
11892839
11901579
11888959
11776744
11768164
11890211
11815953
11816205
11902324
11821200
11807011
11825213
11840503
11767002
11658688
11646726
11793542
11831533
11640625
11842836
11659440
11903328
11762280
11895777
11694607
11834823
11807295
11816209
11691737
11807340
11793579
11735192
11656539
11793725
11801431
11646589
11816212
11724709
11767584
11889461
11791558
11667709
11890221
11745563
11901317
11903066
11901582
11690556
11767583
11843144
11793323
11892975
11819928
11816216
11816213
11691866
11809693
11840892
11895778
11798457
11798456
11843832
11813984
11792548
11793144
11816215
11816214
11882534
11755165
11689422
11666635
11902572
11386977
11395731
11389428
11840698
11643048
11809342
11901922
11703877
11677149
11841543
11891283
11895942
11793723
11791114
11901502
11814026
11767579
11763329
11807416
11891293
11891301
11792713
11700811
11831216
11827978
11803104
11799903
11845285
11507018
11830815
11902971
11744960
11862500
11854571
11855528
11712085
11820356
11769049
11890288
11651527
11686466
11768122
11832202
11781554
11890242
11890304
11712892
11895731
11646954
11808878
11746865
11819851
11825214
11745603
11782297
11790662
11639895
11661243
11721278
11640505
11655391
11747388
11759307
11655601
11816201
11819530
11816210
11816202
11816199
11816207
11816198
11831920
11902560
11799037
11895782
11797438
11793600
11793599
11895946
11647683
11772846
11890680
11891028
11890768
11890795
11890650
11832067
11752574
11752575
11752573
11831998
11780169
11780142
11746412
11901372
11792712
11702741
11725700
11890344
11745573
11890553
11792259
11746582
11842834
11842833
11682019
11673948
11656716
11656717
11755271
11388835
11767603
11896022
11895943
11901809
11910209
11801419
11720321
11725427
11813053
11903032
11890646
11745633
11767177
11745628
11793218
11891460
11896002
11793416
11756134
11735681
11821276
11895816
11832732
11831555
11798458
11475382
11475669
11656147
11402840
11895776
11392140
11393580
11422511
11858640
11854975
11862499
11891123
11753850
11747391
11756537
11889758
11842996
11760675
11895823
11890538
11890693
11901419
11402837
11891459
11681062
11804637
11651612
11679323
11755262
11661729
11756765
11821097
11644784
11889759
11903000
11820026
11746581
11858638
11863002
11855804
11891102
11860095
11853914
12313032
11901469
11813054
11808461
11816208
11667694
11821199
11819983
11640915
11729615
11684911
11685416
11770908
11843202
11644867
11538470
11507610
11538072
11508704
11854572
11422898
11421524
11611740
12313089
12312978
11611714
11860680
11860679
12218022
11396758
11768321
11484275
11477665
11640624
11748732
12313175
11507216
11388471
11680382
11666822
11674033
11703701
11745990
11903022
11793597
11808722
11816204
11895940
11829633
11895944
11890651
11891152
11793724
11816217
11902914
11793322
11816989
11746371
11643045
11636517
11678175
11892147
11816200
11858639
11733239
