11780178
11470866
11714401
11855531
12300887
11895005
11700366
11872525
11835016
11377098
11422166
11468188
11659370
11689208
11690665
11801615
11396775
11728430
11502665
11651619
11690871
11738674
11845357
11833844
11395467
11508413
11655498
11386977
11533059
11818158
11864016
11647506
11653057
11771312
11788873
11515802
11519531
11758595
11816215
11501165
11830378
11872687
11772560
11732520
11717853
11739761
11478360
11657349
11507464
11510621
11678922
11830447
11438088
11704931
11674240
11758571
11404329
11510522
11434937
11534942
11680536
12224238
11756613
11672893
12089465
11710554
11855062
12313547
12301268
11743923
11709294
11473915
11755262
11889107
11705882
11753397
11487953
12051361
11728010
11727439
11816216
11387349
12218114
11408071
11481207
11478074
11697363
11465713
11384673
11471600
11703737
11894352
11910209
11652224
11671128
11662696
11799464
11655150
11722313
11732425
11853905
11432898
11689106
11826631
11689297
11846335
11765284
11807536
11687105
11385635
11772562
11409588
11734485
11519537
11638711
11376076
11731660
11705110
12314569
11644502
11687752
11424046
11642268
11414287
11384535
11684239
11388907
11813984
11690163
11772643
11422956
11687082
11743494
11714387
12294288
11714114
11513129
11664282
11471834
11464889
11649354
11479421
11644159
11862545
11834838
11711144
11729522
11476586
11783646
11469103
11658913
11795194
11440234
11815535
11853549
12091692
11798457
11438309
11471003
11691206
11653020
11905811
11816217
11828956
11465600
11413299
11469225
11416619
11468814
11903718
11640773
11519534
11467787
11729367
11497283
11663434
12054696
11423933
11766229
11825538
11640327
11893033
11642055
11661228
11643743
11812553
11517085
11713952
11525336
11804791
11772517
11480769
12090516
11723781
11691180
11842996
11506619
11773985
11824249
11813146
11818330
11384094
11695498
11895584
11704927
11636876
11799463
11822159
11432390
12092206
11655729
11504801
11721176
11798604
11469002
11377128
11662644
11680374
11445254
11718590
11514016
11806770
11719115
11839150
11468173
11873185
11477578
11671182
11790662
11852211
11824830
11650087
11466630
11406281
11825689
11820856
11859501
11665392
11803579
11748472
11403660
11640112
11667148
11768540
11863707
11668588
11804870
11437002
11485848
11471850
11699284
11718231
11679036
11812626
11507018
11718140
11688827
11717842
11771126
11649272
11472923
11497729
11813157
11758068
11431222
11393002
11799826
11727407
11678488
11772558
11512293
11377790
11644620
11666961
11892395
11611986
11652315
11895649
11414650
11910049
11783678
11714386
11789450
11700696
11657370
11861227
11698916
11472487
11515172
11784575
11741638
11714516
11816020
11731640
11698119
11791400
12339795
11718067
11671253
11437297
11420518
11732960
11483161
11474994
11770863
11785150
11726472
11743159
11718206
12091924
11720345
11721527
11690769
11665443
11824820
11732987
11727938
11482165
11516429
11482098
11467199
11410811
11917572
11686776
11644425
11498315
12306445
11844594
11665200
11719725
11729535
11865471
11478886
11514739
11718182
11755719
11787373
11384668
11799205
11650470
11426649
11435135
11733544
11704929
11829633
11790359
11475032
11644501
11472405
12313347
11642567
11825317
11509069
11704926
11505074
11385098
11465704
11712890
11706995
11753425
11752875
11679360
11855272
11864581
11793724
11858639
11416404
11872101
11797749
11816214
11435691
11500361
11407602
11469590
11393241
11402990
11811279
11752625
11398639
11665267
11466848
11507790
11793323
11676191
11525814
11631485
11870620
11472604
11441802
11830448
11368855
11921130
11467697
11428025
11695323
11414792
11475390
11771127
11469385
11718820
11657839
11709095
11437008
11878782
11646319
11657899
11772649
11700634
11695527
11798432
11700646
11734232
11763367
11527540
11496806
11866941
11718903
11411126
11860292
12226199
11737490
11835098
11377246
11686467
11651273
11713996
12027449
11435351
11465507
11691733
11751036
11366493
11738199
11678096
11503776
11715412
12088715
11902972
11855824
11665941
11691177
11891326
11669603
11681343
11766866
11892276
12315393
11760986
11799462
11433480
11404313
11830900
11383185
11784270
11845488
11653086
11709349
11426460
11762367
11708931
12301237
11714014
11785888
11699044
11762454
11716148
11474634
11757751
11772518
11812507
