11409021
11693346
11627419
11375058
11427141
11795952
12311794
12290153
11860900
11420624
11361646
11591426
11864955
11867637
12289145
11609462
11546227
11387845
11426247
12035078
11507008
12218881
11627240
11774088
11920528
11609586
11422690
12294557
11464327
11928838
11968365
11491540
11432507
11426705
12223786
12223127
11600433
11655384
11609601
12309276
11871633
11884013
11398330
11493525
11621734
11464969
11795256
11413077
11430914
11595668
11613626
11977000
11466915
11692920
11967936
11484008
11626492
11617255
11618119
12309883
11799270
11449896
11727761
12302150
11414350
11369468
11483646
11609436
11619077
11775978
11520028
11444697
11775799
11886180
11472068
11795044
12222004
11862638
11885606
11661400
11881029
11432552
12304511
11852884
11524737
11881208
11407411
11430376
11863029
11693704
11623287
11452260
11388110
11480082
11968234
11447556
12210142
11870691
11826686
11425352
11552262
11748657
11446109
11394056
11616163
11622290
12300880
11454657
11968247
12224325
11974400
11695532
12220252
11972846
11618548
11695385
11412562
11499955
11858032
11796975
11406214
11513966
11878595
11483599
11633233
11395774
11971401
11439927
11452791
11426827
11613450
11749022
11488268
11613726
11468337
11885629
12228713
11621664
12054639
11634120
12215544
12227820
11440922
11611918
11854315
12051054
11796195
11616802
11655403
11375102
11774948
12317390
11640129
11618891
12226968
12224301
11858892
11879146
11684429
11771865
11969850
11880926
11499481
12305960
12224027
11877738
11414507
12301844
12220206
11420382
12219735
11411491
11976468
11468673
11513114
11618083
11414376
12216260
11593843
11795506
12312001
11551373
11774129
12291637
11477997
11523133
11507511
11464342
11546967
11479637
11618596
11482020
11618291
11478346
11587190
12087901
11861783
11633386
11775578
11410311
11450916
11977557
11421289
11435267
11686078
12305130
11517150
11487076
11474255
11381446
11464846
11497775
11882846
12228061
12222485
12309468
11883070
11967711
11857731
11660057
11639813
11613424
11367200
11660463
11390450
11975791
12222840
11522625
11484171
12312105
11423383
11428023
11861686
11504128
12294870
11931681
11626411
11617875
11877727
11973085
11481022
11396439
11864122
11796368
12218682
11863069
11795251
11609370
11496442
12290459
11366659
11612787
11617542
11694985
11674686
11502680
12296017
11884188
12316892
11398200
12220257
11971559
11474995
11592022
11926911
11454032
11610445
11855514
11499404
11866390
11623120
11869426
11696633
11684257
11869333
11766059
11597275
12309447
11469053
11425486
11854836
11627765
11632609
11466635
11504807
11449244
11523046
11969955
11593120
11477719
11622316
11474477
12306068
11970503
11483730
11438269
12316906
11821863
11863083
11657736
11612849
11523186
11877409
11508716
11855042
11972675
11885266
11476162
11879645
12226317
11632215
11496452
11495174
11425339
12296198
11431700
11486837
11976910
11441364
11481850
11544639
12221226
11386684
11476208
11375436
11507501
11880896
11499092
11613085
11480942
11402121
11425390
11496348
11369572
11447761
11477688
11521014
11366390
11547339
12291382
11773460
12208568
11695841
11376082
11873740
11467015
11462967
11401103
11690752
11744432
11971142
11601080
12289632
11658937
11508867
11695380
11545241
12208323
12207762
12301164
12209574
11466978
11550156
11887521
11486266
11451345
11795531
11659562
11465250
11549770
12306769
11875352
12224309
11610117
11827436
11627700
11693558
11434569
12342610
12309724
11973876
11415541
11473681
12216872
11692261
11399799
11393937
11466870
11409835
11383911
12217591
11659499
12306637
11859766
11616318
11970561
11404892
11861019
11551864
11734478
12226325
11858664
11499160
12216512
11869532
11695672
11461924
11400893
11407770
11487899
11424414
11948852
11620492
11489670
11859841
11730849
11644302
11475636
12228597
11449876
11852484
11377712
11552937
11473778
11968738
12222985
11773862
11685566
11376636
11469235
11688312
11418398
11446708
11520954
12309005
11621337
11876731
11462512
11436770
11607950
11495681
11946911
11870823
11622080
11465831
11376844
12223631
12313383
11796977
11861802
12310388
11684318
11685746
11657754
11882549
11474215
12314200
11656623
11693202
11883606
11466111
11438925
12228301
11386452
11417085
11386517
11852024
12291545
11975034
11971076
11471067
11376405
11633078
11684022
11879331
11410434
11426734
11692446
11510341
11426736
11474085
12227336
11548113
11597842
11882082
12312088
11551907
11471372
12318889
11369422
11406073
11641061
11967829
11972156
11425490
11692889
11684012
11858354
11861736
11970887
11462309
12228057
11388795
11546617
11796577
12312064
11874181
11585253
11435372
11407573
11368161
11859938
11884353
11880740
11613787
11427117
11532699
11369187
11856565
11368547
11435056
11866964
11607991
11414772
11432313
11414016
11875830
11472918
11377101
11424190
11613440
11610561
11774812
11550428
11620867
11429590
11439149
11880342
12313746
11401905
11882574
11973252
11870044
12305460
11689384
11613083
11481828
11794966
11870209
11971731
11431554
11375099
11411836
12054697
11882482
11448366
11880078
11419718
11871797
11882441
11968612
11870165
11693588
11431495
11507493
11772034
11674677
11446220
12301162
11380805
11448826
11851786
11612038
11975667
11477494
11408319
12051224
11884261
11598612
11472664
11969524
11700515
11427686
11870355
12222572
12218823
11525217
11863730
11968618
12227230
11379122
11687328
11450118
11795161
11867541
11880100
11505147
11657680
11627632
11522546
11611385
11898781
12218180
11546561
11474727
12311174
11729237
11411786
11885031
11451779
12227622
12217390
12294686
11419389
11696227
12220514
11886117
11395118
11878172
11386429
11658509
11469697
11475855
12313827
11967896
11478471
11633542
11467642
11655254
11657999
11403306
11618386
11776597
12215904
11512459
12313534
11616191
11474850
12229162
11477489
11544675
11934717
11657776
11976791
11369732
11441998
11422682
11806969
11442380
11508790
11474700
11886697
11433647
11971399
11498161
11519615
11660317
11867501
12217603
11655986
11462127
11969793
11634758
11658419
11689395
11446987
11596028
11620192
11482503
11407339
11656826
11971526
11626676
11509785
11734061
12208559
12222084
11634061
11685040
11361856
11468421
11369935
11604793
11741128
11621675
11419222
11618690
11481995
11656463
11659461
11504013
12227364
11968121
12310602
11376849
11614465
11656956
11593582
11882008
11692442
12294799
11376525
11377602
11610088
11599486
11431596
11614732
11692998
11884939
11686528
11634764
11911705
11655756
12288899
11499357
11491759
11615027
11500417
11517956
11523021
11513928
12288788
11775898
11386514
11667874
11420635
11689294
11522819
11630152
11438579
11969552
11616392
11879480
11522881
11449468
12066936
11853083
11886171
11467775
11450066
11660074
11661663
11548464
11387766
11503124
11496158
11659548
12221123
11876929
11633907
11474750
12208754
11395635
11438963
11551822
12217884
11976837
11497137
11601946
11610137
11877868
11877636
11433018
11862453
12314907
11619402
11511216
11462546
11505439
11703507
11973811
11369100
12220437
11862964
11689160
11686361
12301278
11657909
12302116
11875572
11971935
11485735
11633051
12229984
11976616
12306194
11384289
11442989
12220860
11685015
12311830
11616501
12216493
11655960
11862810
11406635
11514381
12227643
11975424
11692983
11977515
11600922
11634920
11593892
11426393
12222237
11465847
12314297
11453240
11524013
11797229
11614360
11412338
11385580
11878762
11480379
11468790
12066915
11661203
11887228
11853184
11419802
11622062
11852812
12310639
12306731
11619727
12227970
12289780
12300470
11433147
11656233
12217438
11525073
11461026
11598808
11435584
11687143
12216224
11491004
11875674
11383051
11873653
11687443
11875832
11483803
11659493
11419420
11485283
12288683
11547953
11882383
11415393
11773495
12223098
11489299
11470081
11406741
11416209
11806551
12218882
11466518
11487392
12296009
11482867
11641001
11875505
11384625
11873866
12207829
11447216
11775599
11658559
11600294
11409989
11399863
11660349
11437560
11466287
11377124
11547934
11536527
11464962
12222959
11856319
11484415
11859044
12207821
11429422
12224515
11776472
11509018
11425718
11433023
11473017
12228500
12222361
11376130
12296695
11552872
11657908
11619907
11406228
12305193
11658174
11471221
11366495
11797330
11622520
11640520
11477657
11434939
11380643
11631500
11623305
11633119
12220746
12305202
11366607
11827195
11424394
11627715
11869174
11361914
11886423
11618941
11887572
11403098
12304700
11905480
11875756
11509176
11693756
11881375
11797107
11405355
11976345
11870689
11878408
11878995
11485810
11618990
12054623
11628016
11860473
12217188
11369595
11864374
11701892
11628548
11867527
11687172
11657473
11855434
11602328
12309917
12209968
11694421
11494823
11661355
11437191
11411635
11516739
11519220
11796140
11485060
11487158
11440930
11479010
11687338
11876481
11445693
11489020
11608117
12294435
12217115
11811750
11507581
12227431
12288430
11692620
11875743
12309568
11465013
11656307
11872498
11779197
12294302
11641007
11970745
12306589
11370128
11863673
11406838
11424053
11616141
11857141
11675973
11548278
11429229
12217167
11375202
11773110
11748700
11709828
11510466
11546312
11361963
11451332
11871057
11375717
12312937
11633587
11631427
12302221
11656372
11657917
12000754
11482720
12218429
11383420
12217194
11501914
12227232
11621789
11618503
11617767
11619773
11744615
11546447
12035646
12209862
11616940
11383405
11485059
12290325
11684172
11695019
11806037
11504570
11471561
12226532
12314283
11687692
11728180
12309617
11857074
11478942
11511229
12317544
11375017
11451322
11449537
11552900
11857673
11505873
11865251
11402459
11471576
11500761
11622548
11421534
12288620
11797281
11508039
11481331
12216939
11972170
11492402
11453125
11774497
12306556
12035490
11443956
12309836
11510885
11659495
11973632
11485362
12224409
11462282
11659089
11463178
11403297
11643049
11868787
11445550
11683859
11447111
11660512
11628856
11552387
12296619
11551758
11659428
12222413
12304117
11685785
11387084
11693658
11603781
11690243
11776229
11524502
11402696
11531831
11634702
11438343
12219941
11406593
12223947
11687288
11488163
11616497
12313908
11473605
11478808
11603048
11864885
11688856
11599729
12218472
12223835
12208566
11393544
12296659
11883917
11403675
12317626
11436507
11977324
11483331
11621287
11404488
11859037
12311959
11685005
11655441
11692301
11621383
11883331
12294518
11692995
11446441
11659031
11366365
11617196
11485403
11418078
11611816
11459265
11967360
11428908
11472839
11642944
11855851
12313192
12224596
11684511
11875908
11376960
11967027
12207845
11622204
11869884
12317295
11544258
11633027
11429219
11493694
11622697
11774016
11687874
11860551
11656152
11472593
12304203
11612431
12306638
11883064
11482949
11621269
11499474
11485687
11870095
11633930
11410567
11867016
11856478
11975957
11506478
12291039
11436894
11833455
11696166
11438775
11482724
11430480
11976913
11611402
11375353
11419226
12218148
11525573
11483227
11486967
12093886
11475860
11569008
11591696
11690783
12218951
11449246
11796965
11853247
11479770
11876219
11617292
11885422
11968987
11874980
11659047
12288713
11431484
11692633
11476291
11604337
11517667
11421429
11869946
11398798
11687306
11483638
11854684
11379159
11440610
11870000
11453342
12093547
11470465
11536443
11369154
11975363
11687838
11772061
11640810
11508417
11874355
11417846
11869558
12215338
11601062
11481681
11779429
11368001
11433156
11797242
11367117
11499348
11412162
11418332
12310818
11796250
12066857
11851653
12226522
11628687
11968746
11550789
11423053
11476585
11861906
11482953
11693612
11406362
12219010
11549359
11519161
11476025
11615956
11618018
11866834
11468761
11608022
12223102
12294443
11428963
11656265
11420722
12309591
11612632
11394823
12318257
11620642
11423916
11854344
11411148
11643071
11499213
11795125
11413627
11595626
11514309
11523996
11972599
11377797
12301274
11588775
12215675
11361462
11464084
11475667
11417564
11887248
11428311
11666523
11859273
11661720
11877690
11951438
11486992
11368537
11472397
12209382
12317098
12228280
11377661
11871924
12207780
11514684
11511154
11473146
11872248
11472232
11795083
11478945
11591117
11866740
11488449
11970527
11796650
12221544
11881685
11657966
11968209
11430346
11423619
11378001
11774220
11660489
12224489
11504037
11503226
11452894
11420798
12310259
11546171
11873930
11482361
11422101
11696106
11482666
11876260
11841247
11612542
11852686
11425757
11404394
11386142
11497997
12216164
12225532
11882545
11628721
11642709
11619731
11618980
11772957
12221690
11519575
11486897
11550936
11694685
11593304
11856120
12217340
11593396
11370176
11853654
11805426
11689292
11773723
11386115
11659241
11432596
11451932
11422200
11632874
12312097
11868838
11690693
11967904
11886494
11464831
11464759
11375919
11421418
11477013
11375305
11477133
11862919
12220176
11967750
11470077
11514433
11429330
11391955
11640147
11502212
11966989
11441590
11634911
12222631
11658785
12312980
11494021
11589313
11412350
12317584
11693936
11495024
11772203
11442917
11604396
11656209
11499427
11465654
11603548
11479169
11626494
12312096
12289023
12307332
11805897
12305363
11515461
11417322
11826486
11439844
11858945
11604727
11772841
11695283
11482362
12291417
11476751
11860523
11773752
11827276
11477457
11640863
11882762
12225577
11502270
11694505
11619869
11514437
11772401
11975832
11375602
12226268
11690900
11522911
11503356
11604656
11523083
11713756
11872345
11617622
11626609
12317404
11973551
11684879
11442707
11619770
11402045
11503175
11619861
11398528
11796417
12309582
11428272
11599183
12220294
11877270
11859232
11616987
11368253
11886921
11462236
11779428
11973119
12209874
12301770
11421561
11483953
11497363
11429451
11868877
11472666
12317802
11685261
11369140
12218481
11618079
12288431
11507957
11511415
12223963
11492310
11481334
11883155
12227727
12220338
11969080
11863209
11621428
11604488
11399305
11855749
11377798
11393680
11765779
11521237
11425589
11426423
11467827
11368341
12228788
11471786
11627004
11795689
11462189
11865812
11470838
11419058
11851889
12314128
11482177
12296243
11613532
11794542
11520253
11857999
12218081
11876957
11422978
11860361
11410573
11403421
11396668
11795825
12311166
11685481
11473105
11477366
12216566
12295717
11865085
11415354
11858086
11407134
11627585
11602236
11691620
11721437
11453423
11796063
12224783
11419045
11508609
11702068
11496742
11546011
11508503
11452542
11470018
11688581
11869694
11552972
11696329
11881222
11627766
11617209
11386306
11480368
12300446
11851831
11513711
11836708
11497846
11851914
11402888
11447742
12226249
11904724
11877537
12317216
11460147
11471445
11687052
11852660
11687740
11488685
12294706
11442222
11886447
11426637
11468586
11469782
11867610
12310917
11875035
11603747
11404466
11827176
11432818
11434775
11451330
11406423
11441719
11488728
11598398
11485806
11482624
11618395
12317212
11684844
11370245
11508065
11878363
11401750
12311125
12306358
11867136
11851479
11382001
11773973
11876623
12227236
11444967
11878714
11475244
11628806
11655932
11869197
11614128
11962190
11616052
11484566
11546262
11661229
11603987
12317443
11880715
12208234
11411207
11471839
12229502
11612917
11481508
11449323
11468892
11614475
12316932
11779166
11453310
12294271
11403794
11685866
11740976
11626170
11379948
11974534
11805098
11479468
11427354
11467543
11507763
11527366
11633173
11868478
11428611
11369945
11430135
11474281
11387330
11603291
11550860
11509464
11598587
11511288
12290236
11974937
11497207
11411803
11655481
11398414
11659016
11876553
11599208
11432612
12225340
11827216
11811350
12291408
11403989
11977034
12226860
11485225
11428426
11464741
11447121
11639899
11951466
11693970
11976770
11918085
11866805
11549136
11463039
11618409
11474221
11686142
11621300
11519906
11434441
11472289
11974868
11618253
11871648
11891821
11434156
11621526
11877815
11883750
11428228
11795227
11549712
11411594
11520973
12219012
11433548
11774051
12219627
11428479
12224335
11511973
11456628
12313457
11859678
11837633
11407616
12300835
11613722
11657292
11627561
11417299
11377832
11494222
11872920
11772440
11660060
12318697
11614261
11855377
11519499
11380429
11879784
12226640
12224015
11376146
11658968
11857798
11453004
11361666
11468660
11873263
12216755
11688831
11976655
11493492
11941036
11776363
11855103
11619192
11404431
12221982
11968060
11479534
11544328
11695163
11467861
12312108
12305595
11803778
11868553
11441268
11861934
11486600
11872711
11518637
12217623
11616371
11462175
11976857
11520884
11691395
11505934
11657514
11518793
11642673
11439265
12228133
11659203
11689414
11448223
11481296
11611569
11775181
11878344
11617902
11656722
11863059
11406098
12223454
11695239
11522106
11852058
11441178
11451106
11468880
11468453
12220916
11431535
11588714
11627096
12301887
12223909
11617830
11826663
11861435
12296429
11689153
11448875
11960500
11970668
11861446
12225963
11444673
11872982
11854681
11414697
11489438
11931649
11617038
11969134
11877753
11616950
11473966
11658952
11691444
11867832
11524105
11521030
11771288
12228831
11420172
11805254
11885848
11464130
11695578
11973769
11434200
11612767
11369009
12226597
11854889
11826773
11447169
11686599
11544302
11476060
11455837
12225780
11375693
11377075
11857966
11491352
11385901
11409311
11656050
11916783
12297089
11972362
12300961
11595656
11366338
11660335
11886349
11477850
11508350
11686863
11435258
12304916
11597320
11367465
11380747
11771510
11884888
11891651
11795950
11815575
11855998
11616515
11467829
11509968
11775630
11692211
12301674
11470040
11505453
11427336
11486787
11463814
11732429
11655303
12305398
11861229
11655777
12309421
11774516
11443856
11629083
11443378
11545557
12229964
11417585
11657763
11873875
11688687
11687428
11866928
11838885
11494909
11513973
12295959
11854103
11514124
11497200
11878260
11773521
12227389
11508863
11417896
12215343
11620879
11684782
12301322
11380106
11884240
12228321
11729226
11694806
11522197
11640285
11377043
12301973
11517395
11869531
11409155
11696602
12226156
11400936
12066804
11369891
12295801
11366634
11395218
11795859
11377975
11474876
12318288
11852992
11640853
11853425
11498327
11632823
11404713
11629152
11633549
11423553
11619433
11860603
12216413
11687903
11865767
11970971
11525202
12229374
11404463
12289673
11485943
12289898
11406781
11660190
11857806
11871180
11619803
11614507
11476336
11976375
12222228
11394118
11960145
12309021
11696540
11620660
11744846
11370172
11858721
11627956
11602337
11859439
11448765
11684770
11387653
11476847
11794945
11500705
11425205
12288780
11471269
11477420
11696012
11414877
11484254
11429767
11685781
11688337
11429787
11659073
11405496
11498187
11361834
11471470
11876606
11488890
11503594
11881370
11855109
11858968
11451574
11427849
12218470
11406111
11853196
11463442
12226938
12314795
11405383
11692839
11485607
11508642
11874341
11550111
11598850
11478751
11686195
12217020
11771681
12220230
11486062
12289935
11450088
11619824
11655210
11509614
11688349
11796780
11779567
11596760
11508171
11626169
11795704
11975426
11473331
11521359
11481122
11688501
11488041
11423245
11549142
11613896
11645148
11634331
11409926
11856258
12310082
11620776
11611901
11506809
11684445
11452906
11464039
11602442
11603721
11530786
11433154
11519390
11688598
11368585
11851563
11468505
11855610
11485042
11633544
12314131
11973624
12220741
11862373
11866901
11974980
11447886
11930877
11393919
11863581
12222667
11405945
11409947
11795893
11876753
11449097
11432864
11448976
11642569
12217354
11617423
11658692
11609682
11855209
11861620
11443977
12035005
12229697
11859375
11550064
11478122
11489696
11865966
12315364
11416323
11430121
11430970
11431228
11551031
11410198
11368240
11694566
11692591
11796392
11480840
12217032
11884813
11476530
11468334
11429223
11632508
11776063
11861340
11462833
11627966
11859912
11882471
11408083
11883868
11885604
11447079
12305773
11505948
11975253
11615995
11634330
11590873
11376808
11974155
12302037
11969285
11500352
11796460
11864304
11634193
11631323
11487069
11608100
11416020
11431171
11614207
11863067
11609537
11613342
11604566
11362121
11693879
11967609
11499749
12311614
11502748
11439063
11361324
11679746
11596478
11693170
11403979
11818128
11510084
11441266
12226551
11856670
11687147
11600490
12289923
11484854
11970418
11789074
11404902
12317131
11687603
11394969
11462354
11685212
11382916
11974051
11463573
12315080
11425135
11796289
11423940
11544681
11512442
12295926
11977455
12311571
12313793
11971414
11880187
11470212
11449170
11442390
11368957
12220828
11871966
12225594
11885497
11610335
11505635
11880296
11622675
11522179
11484841
11380097
11495506
12217027
12317581
11853066
11522757
12305474
11874513
11884686
11467165
11880710
11672814
11512517
11426609
11601893
11973364
11551340
11968896
11507197
11520854
11794731
12219611
12301504
11858566
11862664
11829094
11416431
12223144
11469315
11535773
12309313
11518207
11866557
11562745
11467442
11439106
11616190
11368800
11493981
11683966
11970665
11517912
12310998
11485216
11486413
12217770
11485292
11449012
11537652
12207818
11610087
11424605
11974354
11523393
12228249
12307212
12296829
11852535
11931063
11477794
12216666
11431753
11696099
11874947
11869183
11402780
11478060
11640920
11404508
12305915
11594080
11444977
11522921
11812288
11545603
11795349
11485033
11640111
12288841
11423698
11518035
11505205
11597244
11419052
12220972
11419469
11433274
11874063
11377478
11656920
11970260
11866219
11741986
12309576
11473551
11858029
12226116
11876755
11496924
11471490
11866405
12304948
12288503
12315317
11370312
11388616
11440203
11432413
11626501
11976619
11472508
11405844
12226865
11859579
11593367
11429841
11882885
11431305
11854347
11877544
11388685
11860160
12317182
11626962
11626756
11519329
11488863
11485314
12219583
11414131
11547436
11867948
12220067
11447773
12219011
11609417
11977365
11689296
11408407
11779168
11399018
11626216
11880041
12300726
11883581
12309599
11475530
11383272
11423685
11552162
11967990
11859355
11869086
11484937
12309052
11855796
11657327
11488946
11381142
11405406
11634639
11479874
11482762
11634264
12314978
12218194
11417935
11864106
11690794
11687287
11880721
11508361
11794468
11880199
11405957
11479872
11470541
11622951
11485422
11463407
11423542
11409935
11977203
11608112
11971151
11499701
11772624
11448573
11484904
11414465
11369359
12216708
11688577
11438563
11683795
11970333
11511557
12289703
11470154
11414283
11879286
11369846
12220106
11660036
11369388
11474238
11856480
11776240
12296808
11876121
11412699
11684656
11873027
11522705
11864855
11694091
12051274
11483670
11886347
11627406
12290624
11884574
11591659
11879657
11485927
11386648
11602152
11881116
11377739
11868315
12300739
11516145
11720564
12215471
11487879
11409379
11878087
11858508
11873838
12313759
11972944
11505939
11690135
12288426
11527966
12221111
11973720
12219404
12223820
11642988
11516713
11506223
11470054
11409857
12218473
11659224
11969551
11406481
11434697
12290268
11393052
11432675
12226419
12225945
11418357
11420211
11523017
11974476
12208118
11973786
11474030
11483952
11869999
11655261
11632705
11375594
11877688
11464288
11685151
11859753
12312200
12208940
12221313
11685248
11424066
11875193
11691793
12318109
11361926
11464174
12208868
11382985
11546040
12311699
11683658
11795589
11827310
11451857
11508172
12315218
11694968
11488989
11661343
11694760
11975131
11513751
11611694
11771835
11877915
11774846
11805949
11684593
11867229
11853487
11601133
12288615
12209003
11619629
11881528
11873097
11685775
11473020
11863339
12314785
11518521
11478334
11695141
11468615
11461551
12303957
11405057
11467797
11686410
11549167
11619895
11550208
11593739
11826485
11367791
12223497
11611827
11627249
11448397
11415330
11522933
11975732
11857883
11382331
12223654
11975774
11369663
11974370
11427546
11515617
11495750
12224315
11547385
11472173
11393776
11968686
11424565
11608083
12228797
11465297
11886602
11472367
11423390
11509698
11601089
11450569
11977116
12301683
11618297
11877191
11500023
12227735
11640478
11693522
11613573
11695701
11631643
11385022
11689470
12291485
11433311
11499388
11503856
11873375
11854895
12296944
12317306
11472011
11546021
11469543
11879249
11859350
11655776
11498496
11974626
11464447
11622799
11402600
12219041
11855805
11827422
11419837
11469656
11859109
11865248
11488770
11432627
11771700
11424252
11407755
11520866
11881825
11686816
11632452
11544497
11612478
11857947
11692117
11860857
11694304
11431147
11633116
11882315
12224322
11881637
11549348
11774414
11692433
11871411
11479799
11853661
11466304
11391754
12216634
11686368
11690519
12215829
12304982
12229365
12307390
11597124
11471884
11417420
11855057
11655615
12309253
11866502
11370244
11976622
12035567
11971621
11505821
11886678
11471141
11741552
11690117
11472583
11856738
11521910
11609631
11526724
11773218
11546115
11384545
11497926
11361694
11489659
12306249
11696175
11618035
12304688
11626500
11789337
11465326
11424692
11856247
11473003
11886169
12227301
11885553
11924296
12228795
11868708
11485701
11417186
11685571
11876009
12294691
11613275
12291584
11659848
11497459
11614197
11436337
11780463
11553030
11467636
11474861
11874603
11628374
11656273
12314101
11518089
11871409
11881355
12313649
12220579
11720591
11690508
11857271
12210999
11400257
12216710
11685307
11630738
11443204
11476985
11858453
11409790
11728063
11892405
11423635
11694995
12305322
11486217
11442400
11433489
11693919
11425017
11510090
11445042
11657273
11871200
11507059
11599399
11376871
11617653
11544952
11862864
11882525
12224649
11462907
11524753
11546267
11385672
11375198
11773761
11536916
11947102
11470708
11529446
11772052
11477732
11870656
11449188
11695250
11469711
11475585
12218270
11436326
11471643
11547743
11597553
11648541
11862877
11970795
11609997
11476938
11806035
12310788
11407137
11562883
12290825
11841693
11876921
12309771
11406508
11696538
11499302
11399227
11690251
11862497
11387270
12066913
11826493
11795163
11511136
11406662
12304611
11869991
11967161
12290574
12227549
11862248
11868076
12223829
11408513
12289130
11972302
11408697
11403386
11479896
11597400
11467822
11483886
11417734
11866836
11490904
11370243
11686784
11687489
11622215
11592880
11692931
11688584
11506757
11931661
11464047
12301148
11696773
11595229
11970297
11691438
11862390
11866109
11884230
11688546
11695831
11386343
11442259
11361964
12290597
11508990
11416864
11377625
11376089
11628728
11461725
12229276
11442896
12209808
12229187
11869082
11380773
11408214
12291419
11609992
11771353
11394399
11967584
11877585
11448879
11368887
12313527
11508131
11633010
11934721
11375117
11495805
11376604
11634452
11796304
11797142
11796235
12317201
11856931
11626209
12218562
12301192
11627067
11660590
12208057
12218271
11479941
11634900
11448335
11613891
11433007
11621679
11871472
11402101
11520846
11383314
11450515
11772253
11509693
12066762
11873708
11385913
11826833
12219369
11594494
11658874
11774821
11875409
11879588
11684546
11595604
11524821
11698315
11485718
11487375
11416367
11420462
11659723
11740302
12054891
11463474
12310762
11871184
11609659
12216759
12295975
11853626
12310683
12229851
11405214
11466683
12291127
11960522
11973723
11970195
11401300
11439851
11867074
11660977
11959559
12288716
12227582
11882584
11795619
11463089
11484692
11855199
11869858
11660316
11369437
11865271
11615025
11855335
11871098
12221863
11618180
11440018
11445694
11405539
11491317
11415716
11414163
11659104
11977348
11693713
11864249
11627957
11468270
11482874
11423578
11692102
11380663
11525325
11788084
11771629
11656917
11388887
12310764
11880089
11377800
11685719
11627246
11689538
11877144
11860784
11399458
11600210
11774904
11463730
12035823
11972806
11474918
12310929
11774915
11407445
11851607
11460986
11851604
11635041
11866421
11862553
12310200
11626553
11442310
11656861
12051087
11866924
12304747
11426190
11518860
11547463
11484152
12066767
11421398
11394488
11642659
11694899
11630749
11878679
11421957
11484331
11452678
12209203
12217852
12290302
11613617
11611360
12295694
12216249
11862661
11883682
11361622
11486986
11631471
11655389
11544913
11838731
12305967
12227666
12305063
11437432
11604806
11877736
11462413
12304271
11474115
11442773
11870206
11878917
11688659
11863322
12304804
11487487
11440902
11903973
12035427
12307095
11779381
11463503
11617171
11609635
11968224
11959185
11628068
11613219
11854955
11420811
11773235
12208862
11450076
11796002
12289574
11881200
11512792
12318099
11859416
11444991
11627491
11546633
11464128
11549444
11976987
11854164
11375464
11437442
11404058
11412293
12317236
11972928
11464436
12066944
11550914
11477169
11873377
11773327
11505708
11437513
11643092
11885132
12318729
12305704
11684520
11640960
11425881
11881307
11462812
11880210
11599272
11435247
12316884
11772524
11628514
11490741
11376285
12223004
11860826
11517749
11432263
11633252
11418931
11485401
11688660
11603013
11381336
11612795
11545775
11695809
11434311
11550810
11929089
11506018
11599687
11862905
11634007
11409715
11976183
11886863
11503008
11642814
11629215
11385444
12215350
11875829
11567745
11412939
11430545
11826256
12092807
11616509
11687440
11389083
11487727
11436140
12086313
11518231
11851462
11635019
11864836
12229284
11969718
11450535
11611214
12226958
11385973
11486210
12304926
11375406
12304401
12222254
11878852
11628102
11796749
11604600
11610022
11477275
11971513
11410549
11790591
11477473
12222712
12309840
11976851
11423999
11619231
11549190
11868518
11977603
12290844
11858477
11401157
11488217
11476773
12314626
11642770
11471078
11620440
12295060
11478743
11484239
12223674
11411113
12310922
11519527
11546209
11633745
11693435
11696143
11858015
11403607
11508711
11869567
11420884
11971276
11922431
11612892
11361790
12208344
11465629
11967316
11730327
11660487
11453229
11631482
11482759
11612855
12225540
11661315
11863787
11609937
11389530
11604365
11466222
11884202
11549010
11453127
11377410
11633263
11884845
11859413
11857199
11594141
11861165
12220684
11469627
11446239
11853809
12317007
11380156
12221718
12308971
11873014
11779368
11971334
11548127
11604529
11474091
11408584
11476716
11884505
11382328
11621752
12050994
11446588
11368488
12307356
11476839
11449588
11795444
12297004
11872818
11472357
11657163
12224496
11465403
11870232
11873971
11409655
11366842
11973755
11525925
11634424
11509389
11658943
11620837
12308930
11509520
11435239
11903081
11735523
11436404
11864648
11774522
11690731
11632798
11683463
12309252
11972036
11968964
11626365
11400830
11632707
11795844
12296948
11388179
11416497
11684539
11856799
11437627
11873872
11879401
11389123
11633944
11969361
11861474
11501639
12210108
12039323
11616900
11692360
11389332
11518165
11464528
12219839
12295631
12313309
11863126
11972842
11860915
11380479
12290460
11551103
12314676
11427540
12221218
11508834
11769885
11551977
11491603
11481935
11692318
11867011
11694394
11376133
11469981
12291166
11691924
11483589
11433880
11876783
11368897
11865668
11549048
11404278
12294367
12306103
11827299
11884205
12226068
11488442
11863185
11432605
11695784
11369594
11492546
11368128
11600115
11633757
11375745
11974906
11854912
11453666
11819715
11396679
11519601
11632408
12310626
11385779
11413261
11588690
11361688
11379674
12309727
11970812
12310646
11612401
11866715
12209113
11361947
11869510
12227447
11509879
11856520
11862074
12309730
11870526
11482056
11415671
11617086
11485389
12223507
11408752
12317997
11488375
12208905
11552361
11855006
11639827
11683605
11424973
11607973
11620545
12289257
11938560
11701859
12218689
11495852
11487689
11361373
11864915
12305850
11866762
11486141
11507636
11946376
11967551
11536659
11851934
11518278
12309230
11504618
11771290
11627117
11863562
11551229
11498525
11422313
11610569
11406636
11858782
11875227
11487534
12304350
11705452
11431128
11684603
11521333
11548621
12310425
12208958
11876732
11477399
11607920
12296350
11506917
12222601
11593355
11367149
11473545
11861271
11442192
11617003
11519210
11619967
11474271
11687589
11550867
12210268
11853987
11486037
11969324
11481730
11505881
11686330
11691215
12222011
11966952
11552117
12288711
11621425
11552017
11640423
12054616
12290797
12307098
11452254
11429247
11973090
11880501
11882340
12229066
11779500
11684372
12221104
11377836
12035352
11491246
11501249
11551491
11871978
11482002
12317126
11433188
11593955
11502683
11621492
11471213
11862104
11480549
11853134
11967797
12207957
11487148
11634097
12051297
11455828
12221580
11544490
11419710
11381175
11864127
11875482
11466547
11391631
11415211
11470406
11877912
11660931
12307254
11513224
11467001
11423983
11886731
11628862
11448475
11773540
12314609
12315166
11612905
11375611
12215452
11408879
11626961
11400853
11467320
11427363
11774139
11659201
11788187
11882149
12294484
11655419
12290919
11427138
12311822
11406836
11659305
12208398
11857730
11875314
11487095
11473957
12035249
12051075
11632423
11874568
12318135
11858359
11463192
11522217
12315307
11388807
11447590
11536492
11472065
11876609
12217029
12315028
11551384
11408220
11439135
12039157
11376128
11863485
11434498
11771516
11619630
11773774
11453531
11507941
11618966
11604760
12218496
11469451
12229293
12035808
11517480
12228655
12309662
11973164
12216072
12227633
11805968
11657658
11629198
11640035
11885099
11656741
11773784
11382003
11517550
11898094
11976972
11859933
12219955
11621612
11694876
11658440
12066797
11613464
12222937
11474965
11874056
11775417
11854139
12313162
11476542
11424571
11525873
11434923
11588807
12304825
11552503
11482693
11968497
11443758
12226992
11498257
11387070
11503360
11529105
11863252
11853265
12310477
11489465
11774184
12217716
11969759
11545590
12208116
11377988
11550044
11634039
11854256
11519684
11875785
12311734
11904190
11661722
12035362
11424728
11640464
11550108
11696506
11532196
11771928
11407990
11600012
11693652
11876727
12088734
11805633
11970033
12216112
12311433
11443290
11853841
11872470
11795554
11368625
11657083
11388719
11496306
11864473
11368962
11416699
11869820
11976688
12317220
11866574
11622561
11865589
11516552
11609831
11825212
11687835
11551742
12294673
11501581
11413440
11380626
11864722
11406872
11659799
11531849
11658934
11968333
11389546
11866017
11489198
11375126
11854437
12226604
11408033
11493873
11968552
11972317
11514114
11613455
11389318
12289743
12223254
11460547
11408744
11430786
12306126
11975692
11695574
12221867
11640872
11604476
12039329
11613344
11975369
11655768
11972466
11885843
11611475
11420645
11869363
11854804
11552521
11967122
11505402
11508360
11868301
11442822
11875458
12035136
11389456
11633627
11504278
11685622
11692473
11694058
12289954
11871539
11412097
12314026
11438982
11444485
11881480
11546092
11618364
11395181
11882163
11370104
11604801
11860637
11613370
11855378
11642892
11440311
11880173
11660674
11407417
11380427
11656752
11688778
11464051
11438828
11705189
11967424
11827388
11486710
12209403
12289955
11484374
11413226
12223178
12217878
11873829
11570920
11611361
12290484
11968151
11875243
11432539
11415972
11514241
11521851
12301369
11968032
12051390
12222641
11857148
11497358
12305024
11859633
11691891
12222142
11796775
12228522
11589256
12290080
12289364
11552823
11860093
11601940
11634359
11615047
11481568
11608078
11623304
11626446
11489423
11465779
11475099
11593786
11640094
11805805
11493732
11551201
11387764
11922524
11872909
12305630
11873484
11404755
12217749
11388357
11476770
11860085
11853771
11868078
12223850
11519349
11439897
11462305
11874066
11451104
11872432
11632288
11685028
11973615
11876440
11425385
12288758
12225305
11683552
11453390
11696325
11877712
11436480
11861529
11618311
12289817
11623041
11621706
11549108
12216549
11503004
11410410
11971527
11628128
11399146
11689184
11433316
11857015
11969928
11633716
11834439
12208355
11967949
11626971
11858942
11466333
11410285
11840040
12223307
11369824
12305587
12301417
11470568
12210267
11696832
11469126
12303943
11690469
11832157
11852924
11897236
12314266
11774686
11628110
11610295
11914432
11377876
12066950
11614625
12207789
11442115
11971308
11594930
11972682
12305346
11614453
11692726
11885270
11376638
11515048
11504030
11522786
11464040
11667620
11438131
11486405
11871337
11772892
11361955
11421708
11435128
11387377
11434393
11631327
11870596
11496903
11393302
11920698
12229240
11485702
11796033
12318719
11484234
11533084
11736677
12218558
12208457
11620924
11530953
12221789
11857451
11852987
11860090
11906428
11421279
11525162
11405843
11549778
11609312
11968496
11796848
11466483
11684860
11487605
12035505
11614160
11796313
11604108
12288994
11869557
11366561
11858010
11771240
11408351
11497369
11619835
12312951
11810051
11369533
11471911
11633655
11613674
11973032
11607900
11459983
11429641
11406220
11619472
11881897
11611395
11415649
11496058
11870346
11796424
12227269
11611861
11412986
11377678
11544541
11973488
12311893
11851832
11431660
11470842
11659889
11471006
11487094
11618645
11410989
11968585
11972273
11632136
11409350
11686069
11873140
11887167
11412409
11510716
11468263
11710283
11632230
11615003
11684610
11522267
11421677
11864482
11774135
11466115
12223370
11982869
11628086
11401344
11406237
11693705
11367214
11399732
11595886
11393485
11466735
11615996
12342720
11477978
11689416
11779185
11686564
11618762
11617471
11616034
12218135
11450537
11506352
12310341
11479036
11609414
11545493
11621570
11687775
11438230
11390538
12222183
11552680
11421514
11926176
11795995
11484259
11550209
11691730
11854628
11545297
11491296
11622379
11885566
12222622
11879675
11548803
11409592
11876194
11689557
11776629
11430476
11367840
11887367
12208737
11684055
11642482
12310541
12304286
11857573
11376139
11522351
11885854
11612967
11908113
11657906
11520197
12294305
11551379
11508484
11498308
12035800
11970109
11613956
12310822
12304908
11498674
11854268
11906317
11452941
11688173
11481412
12304082
11475567
12311661
11484896
11968127
11487276
12224120
11550691
12229705
11774144
11870915
11685122
11775054
11655868
11427625
12218190
11614789
12304212
11361379
12035345
11614461
11514215
11443651
11428763
11632347
11481792
12224271
11425245
11463464
11831441
12217907
11677343
11876150
11674613
11478051
11879933
12342617
11506400
11412828
11489484
12223477
12215572
11469986
11617985
11972223
12310652
12306697
11797005
11376814
11423027
12229317
11423256
11867783
11478226
11977542
11860273
11522291
11878602
11774860
11885839
11876720
11439568
12314499
11611617
11686772
11548546
11945232
11396505
11852255
11856544
11506951
12295830
11602654
11382296
11631404
11436644
11477763
11973612
12051258
11521611
11562546
11659333
11368539
12220534
11634063
11795117
11549449
11878118
12296182
11473009
12309274
11701788
11866192
11462112
11427269
11820018
12226180
11428359
11489695
12291086
11471805
11438979
11595979
11616712
11868718
12209700
11441759
11410470
11973315
11866690
11779221
11396143
11853513
11494773
11686459
12035406
11376455
12054862
11627612
11494869
11453806
11689816
11381306
11467411
12304303
11512254
11512106
12310567
11475028
11597475
11686769
11772814
12311209
11368431
11774508
11885190
11495475
11796992
12224153
11369214
11865796
11522472
11617460
11627656
11776799
11905385
11429449
11427974
12294323
12312086
11869696
11403229
11597394
11552846
11429648
11657844
11887353
11975856
11772582
11880872
11659735
11863127
11683947
11872864
11627292
11499097
11659609
12211008
11975639
11621729
11412038
11444461
11611255
11611459
11381473
11436493
12218555
11546096
12294257
11510998
11877267
11627849
11509221
11616449
11969587
11612773
11632791
11430022
11427616
11478939
12217740
12229577
11695366
11469447
11520393
11485350
11640176
11473104
12224380
11430941
11867529
11450547
11433615
11436983
11408617
11693688
12289140
11382814
11451076
12309525
12209776
12229135
11851798
11772344
11425541
11418009
11463971
12301967
11438849
11973257
11775427
11972954
11866728
11379040
11657724
11514707
11377863
11488459
12229587
11861714
11696157
11429691
11684495
11376522
11545327
11547705
12291170
11429900
11415807
11427429
11417881
11875468
11852626
11854789
11411387
11471132
11594715
12216683
11693804
12218931
11975306
11874702
11394378
11482040
12290040
11368566
11639877
11428138
11427221
11612512
11406290
11402873
11690874
11885288
11675978
11684090
11656083
11544769
11480204
11472780
11498560
11878274
11571638
11491024
11690317
11410551
11876003
11853750
11424223
11967142
11400023
11870754
11690833
12054701
11616464
11436954
11485747
11873648
11868312
11620811
11657382
11875385
11484266
11411178
11803805
12228210
11551622
11436398
11862720
11855989
11611245
12223618
11522961
11384796
11477204
11855436
12220980
11806218
11515395
12035218
11796290
12216503
11974810
11696369
11633824
12218329
11617173
11858323
11790668
12305161
11967126
11366871
11506373
11972367
11616494
11376991
11882386
11496714
12229239
12314673
12311292
11366386
11484289
11632771
11775969
11971382
12217517
11447414
11869253
11549602
12223231
11489657
11886148
11796876
12224197
12088650
11412574
11881753
11695235
12218522
11515193
11871273
11413953
11640646
11468696
11818410
11522813
11976339
11959437
11879662
11452100
11795608
12224269
11451816
11407311
11976838
11865275
11862847
11419372
11973270
11507827
11973266
11975263
11619551
11868062
11465909
11634019
11640353
11878085
12289014
11517960
11876486
11486272
11632371
11968139
11476049
11480866
11850482
11439530
11430248
11550197
11504160
11484277
11883956
11640519
12290878
11616113
11970528
11907460
11448856
11870471
11361517
11551469
11851651
11884867
11418058
11505398
11485517
11945226
12288902
12216556
11521302
11552526
11877324
11632862
12296747
11694922
11635042
11424819
11549415
11433341
11856598
12051266
11547252
11468092
11419769
11375480
11488130
12310991
11976711
11857142
11886312
11548340
11613969
11864426
12305491
11412199
11856058
12311279
11972828
11608038
11640418
11880402
11974828
11958317
11683461
11485072
11496858
12209597
11551320
11419231
12226051
11509993
11482429
11425747
11380000
11659405
11478386
11627882
11879290
11590954
11855865
11863367
11868596
11852810
11497626
11632570
12229426
12216739
11409848
12296861
11448962
12221855
11616651
11862933
12217731
12309594
11391911
11493715
11867428
11970915
11489136
11633330
11976114
11771486
12051199
11511075
11660883
11881688
11852603
11969335
11696733
11440238
12306166
11867111
12290446
11439195
12208822
12304578
11549120
11689525
12308969
11619048
12035093
11659339
12306484
12226581
12090708
11551348
11381738
11855080
11404743
11399116
11506909
11368905
12307379
11367243
11367073
11871912
11508799
12309695
11693608
12304473
11853447
11507727
12300965
11415685
11495600
11596780
11976005
11511168
11509185
11546387
11659151
12220343
11427740
12035571
11619716
11969798
11884942
11640385
12219291
11867663
11503664
11463258
11436007
11384262
11620324
12310988
11430740
11975680
11550662
11550212
11383403
11862105
11870414
11861808
11488785
11549785
11658468
11388262
11480348
11598177
11673940
12223289
11603016
11452970
11886866
11369678
12311659
11611849
12314467
11875610
12208819
12300617
11420389
11852507
11629269
11658657
11862923
11692830
11610069
11375624
11866336
11502945
11695497
11404601
11444291
11774143
11881112
12294301
11477022
12218143
11863991
11521043
11427921
11426337
11493485
11613794
11659462
11549857
11967992
12216161
11970412
11445480
11617036
11379505
11693046
11417270
12227750
11492166
11853126
12309837
12229729
11873705
11505728
11480957
11451941
11593036
11441095
12309799
11693851
11437918
11547404
11855565
11367587
12317515
11474879
11443472
11856742
11685687
11857634
11534003
12300954
11956656
11449161
12296876
11429739
11516509
11626536
11694296
11602300
11467804
11603528
12290139
11694036
11661100
11550264
11589281
12316918
11974685
11509925
11630741
11389606
12290973
12317564
12221621
11589325
11926922
11548995
11461956
11622607
11869337
11482805
11771962
11665844
11489321
11391626
11634820
12224040
12220418
11387118
12217519
11478846
11515629
11604732
11405475
11888746
11471664
11460908
11633069
11502464
11613099
11884766
11604011
11422381
12296865
12229757
11482281
12290461
11393467
11484060
12227263
11604322
11688573
11437617
11520634
11550955
11451336
11796561
11659795
11549018
12294245
11477548
11627982
11684193
11547823
11398953
11852123
11976850
12295977
11685017
11772273
11830268
11405288
11971533
11519553
11515018
11496997
11860508
11612349
11609661
11694951
11549281
11772114
11453850
11411777
12300905
11427995
11856718
11875305
11874577
11537360
11589370
11440991
11657980
11796949
11464141
11478665
11868440
11688925
11772057
11613184
11417327
11622266
11658967
11633713
11375733
11467145
11874756
11973444
11691241
11620695
11516287
12219488
12209232
11389389
11467847
11873133
11406534
11517493
11660181
11628918
11524155
11446829
11874790
11860240
11875838
12218579
12219774
11702208
11684345
11388861
11545946
11873286
11386801
11774703
12306200
11826697
11517966
12310066
11498184
11427382
11968821
11623282
11688828
11552348
12223274
11869259
11854777
11406943
11547600
11483459
11432148
12224816
11629264
11972497
11618865
11450253
11545127
11641078
11611777
11397041
11549231
11497768
11708996
11506383
11416133
11455946
11853823
11505719
11508407
11661489
11687254
12223917
11368278
12306723
11683831
11874562
11613285
11773966
11772074
11656467
12035042
11772893
11614613
11478958
11470514
11656139
11412870
12290859
11683879
11391763
11484474
11620198
12302128
12215499
11420289
11466993
12051033
11422506
11689720
11432848
11660274
11868933
11862634
11399371
11406891
11524629
11429050
11691583
11479804
11967325
12342586
11506131
12288599
12225080
11826722
11634601
11977502
11496245
11470914
11659352
12222983
12291113
11687053
11863448
12223427
11436929
11865041
11518575
11409775
11380910
11685441
11976805
12220925
11861327
11426046
12318700
11462205
11551467
11602599
11478623
11438997
11701772
12209516
11464206
12222990
11395952
11510535
11412483
12219919
11479835
11431174
11484545
12225062
11412806
12227390
11486254
11514994
11613484
11879137
11505977
11971950
11862146
11972963
11434727
11597361
11376673
11533984
11776263
11630673
11977240
11494891
11687934
11906740
11375736
11642154
11434017
11858910
12226974
11619985
11509729
11970558
11883867
11659237
12209558
11479316
11507469
11440530
11970130
11871296
11977745
11684634
11421566
11970533
11478141
11660286
11431864
11658153
11967589
11602213
11967533
11423103
11858849
11794977
11447083
11367581
11656251
11867533
11502646
11471926
12220537
12218062
12301485
11897682
11694795
11375459
11872473
11391499
11472282
11552037
11616026
11689222
11857274
12313458
12216530
11522370
11773662
12220974
11403377
11875131
11774849
11852350
11488782
12216804
11361316
11611773
11385432
12229224
12303880
12294544
11454541
12228860
11478719
11609886
12093556
11771589
11972908
11822055
12316956
11771586
11689796
11368349
11506253
11416118
11431667
11471496
12304577
12218734
11698411
12219648
11771906
11822095
12054848
12215818
11686258
11490841
11776753
11497010
11550198
11614484
12221442
12218705
11486912
11858450
11875618
11408440
11521784
11973381
11434378
11857439
11504234
11869317
11803704
12035575
12226907
11469231
11433956
11626278
11659775
11509761
12223540
11970890
11546740
11472845
11448259
11589330
11618457
11415454
11376131
11392956
11452342
11466509
12222214
11867182
11366778
11463158
11484051
11872644
11883759
12310806
11546729
11416458
11772446
11406721
11876094
11875106
11871887
12224249
11483439
11692044
11867893
11480008
11439238
11469465
11489238
11507678
11610350
11497347
11852983
12306214
11520424
11433222
11545813
11512519
11477689
11447052
11689303
11695706
11861861
12035660
11406203
11881311
12310465
12051063
11972049
11661036
11409800
11489353
12305913
11795964
12313613
12210038
11615119
11420348
11877403
11883001
12224758
11594055
11884791
11369132
12306829
12302093
11874495
11502336
11879608
11366802
11776458
11469474
11497884
11886519
12051295
12227260
11597232
11449452
11970666
11376900
11411027
11644041
11859906
11886684
11706225
11426196
11597988
11519631
12290345
12305000
11522771
11970131
11375990
11865951
11392680
12035788
11421413
11473755
11774792
11425272
11479507
11376685
11519111
11484718
11510587
11869097
11632750
11380422
11626824
11858803
12289329
11447727
11773096
11857800
11884305
11513956
11426728
11482204
11505117
11454396
11361661
11853509
11412468
11398245
11946897
11464852
12223056
11439643
11487236
11854617
11887001
11547054
11456419
11389614
11436708
11687880
11775433
12289479
11593811
11604379
11547920
11361538
11475791
11377719
11377350
11429349
12208468
12310950
11620617
11871738
11423035
11421436
11881604
11416021
11453360
11381876
12305389
11498686
11861239
11772807
11368096
11627909
11477652
11869152
11501114
12301553
11862303
11400162
11550109
11614730
11863150
12310608
11361763
11971644
12226503
11969196
11511706
11776414
11887103
11974713
11658464
11477971
11453992
11547398
11633020
11412090
12208874
11472576
11404381
11885615
11975359
11637239
11426112
12208229
11416254
11860964
11512844
11376251
11632985
12317342
11774660
12304871
11773157
11628310
11379538
11434817
12310779
11461653
11434029
11974606
11882580
11968938
11616297
11658279
11487420
12220251
11545495
11619325
11658404
11361429
11410141
11503964
11546373
11508502
11611433
11550238
12218649
11465575
11856924
11971338
11865187
12221475
12227281
11612505
11483020
11463341
11659629
11866312
11545109
12296267
11453840
12294604
11484182
12305653
11367755
11694166
11868604
11482125
12219976
11367999
12215827
11480908
11551475
12219619
12309110
11394585
12226073
11859463
11596754
11972411
12289237
11860750
11544587
11434694
12309299
11659909
11552717
11620298
11513897
11470089
11470891
11548333
11805924
11452008
11852565
11495249
11794489
12303870
11379635
11626819
11972479
12318157
11366879
11407524
11874024
11435012
11795298
11418821
11622494
11468845
11844256
11386375
11385688
11633146
11863064
11862123
11489581
12035127
11504094
11659199
11598746
11859630
11479843
11434323
11856434
11613904
11404173
11779300
11977606
11474479
12317590
12087222
11865987
11788901
11851839
12210270
11779038
11503383
11612830
11916667
12216457
11657812
11969846
11795860
11853287
11376891
11504567
11854993
11451349
11414818
11509799
11488256
11493035
11476827
11627443
11474501
11548978
11520030
11873208
11367795
12305051
11772790
11497418
11640484
11439301
11632339
11597939
12318101
11399186
12312929
11629164
11508249
11473974
11868626
11465937
11869975
11794487
11500832
11884936
12222103
11877363
11690755
11610423
11403816
11627709
11834268
11416645
12219463
11858894
11887534
11549756
11381896
11690524
11464462
11864237
11409579
11496394
11549315
11510914
11546091
11661540
11622306
12313674
11687123
11871581
11432497
11632802
11776109
11872076
11413566
11414662
11885152
11632392
11612988
11548040
11968104
11604507
11544500
11452025
11443877
11479886
11884465
11618782
11498159
11712612
12288883
11861801
12066779
12218485
11402799
11552863
11512183
11496820
11827363
11634556
11633161
12311424
11863785
11464195
11687792
11791317
11547782
11870401
11468313
11655202
11886272
11494440
11853522
11967647
11616286
11875820
12296745
11977282
11656160
11688682
11617784
12302122
12218225
11713046
11412950
11475835
11508568
11361543
11730986
11772043
12218592
11883871
11675190
12066906
11870791
11826752
11435581
11851791
11868493
11432124
11875897
11618414
11404598
11876765
11829611
11874151
11502378
12304546
12316877
11430362
11660730
11655598
11640892
11440749
12220596
12226360
11450354
11509852
11467957
11656754
11467692
11486721
11517093
11408979
11656691
11461044
11686542
11376920
11616056
11860890
11489054
11433257
12222811
11871710
12221277
11406890
11686218
11380587
11598126
11361849
11873224
11386581
11877470
11378461
11521880
11811580
11563140
11471682
11413883
11469785
11547924
11873855
11971355
11495255
11454059
11883551
11455257
11661669
11875252
12217618
11391887
12317948
11736231
11609795
11514958
11403101
11977288
11504886
11437091
11861136
11609353
11864614
11477761
11404581
11872776
12316909
11465292
12304896
12066845
11464093
11969075
11864519
11869823
11415768
11546362
12225486
11505570
12306753
11629053
11598374
11415945
11957135
11551875
11486908
11361474
11974495
11619935
12288761
11471406
11874343
11794367
12314175
11595094
11661085
11898780
11412189
11545468
12051048
11855412
11489385
11422772
11402628
11545949
11519230
11377925
12314647
11861115
11433449
11860490
11478320
11495378
11711888
11517243
11973190
12289508
11862900
11485755
11454601
11545923
11776535
11384614
12054786
11613749
11876862
11367340
11654162
11366834
11885930
11406569
11879593
11478515
12035210
11863672
11865482
12218711
11381454
11483643
11884322
11969307
11432703
11550384
11858815
12229748
11865157
11524796
11932428
11692235
11695344
11861907
11471943
11477251
11661313
12216911
11661118
12316990
11447022
11449399
11475445
11475849
11402236
11470061
12311567
11463693
11870855
11601788
11469017
11454017
11468843
11642686
11522049
11552629
11548233
11858647
12035536
11478701
11369667
11480857
11517162
11406755
11483000
12216222
11469671
11502238
11381821
11546803
11511473
12220524
11872020
11613923
11877916
11772243
11868943
11451791
11886588
11794911
11401318
11772139
11659254
12229541
11513690
11601342
11451399
11658684
11429002
11420757
11859374
11866788
11437817
11685437
11370189
12220561
11859521
11875679
12304298
12302021
11689211
11481150
11442384
11544320
11418553
11614485
11403328
11513731
11444509
11868079
11858355
11485749
11604540
12224726
12288763
11853165
11599116
12311625
11484255
11968289
11885849
12225020
11817816
11485513
11680992
12313251
11968616
11377087
11658849
11450238
11860125
11885159
11851532
11860324
11446471
11976508
11774665
11870121
11692961
12222586
11402099
11428970
11420786
11617012
11859303
11859744
11503283
11873717
12225924
11503872
12225158
11496734
11547493
11483742
11656713
11686047
12221576
11689378
11434291
11481840
11438664
12301365
11959193
11548477
11445948
11475926
11976173
11473721
11444981
11686727
11616930
11852882
12305383
11592934
11862658
11882961
11361509
12222713
11874448
11488566
12225940
11413691
11489759
11469529
11870838
12223903
11774359
11401901
12301542
11969656
11413013
12290826
12209563
11656266
11771868
11974241
11685607
11640996
11628479
11643080
11776092
11884742
11884124
11873824
11523240
11369888
11477348
11611435
11875401
11491582
12342717
11627903
11686837
11642991
11413685
11483067
11447914
11473559
11524073
12313141
11943792
11695009
11615031
11612717
11513365
11519664
12296614
11499095
11632325
11879460
12217918
11399139
11375680
11862341
11618237
11618116
12224728
12311606
11478926
12227515
11620387
11486878
11683914
11470083
12222997
11872181
11487617
11466753
11422410
11879597
11544735
11856542
11660630
11460846
11627156
11872675
11857660
12304233
12315103
11462732
11852870
12313492
12311161
12225748
11876458
11471898
11945034
11449963
11867124
11870677
11477353
11477046
11778257
12313394
11512753
12306280
11878026
11857423
11518696
11620835
11548652
11660800
12305053
11642803
12301830
11450019
11885045
11774311
12226912
11478850
11369585
11855972
11969769
11487214
12310253
11642554
11551931
11416127
11551800
12035064
11865236
11519355
11407119
11864143
11428586
11692567
12314666
11493745
11658308
11660733
12051250
11431146
11400742
11524040
11368077
11545474
11775444
11381091
11657759
12317971
11874592
11627653
11500262
11470722
12312928
11870602
11691223
11878121
12035922
11416982
11375874
11691983
11656859
11971450
11872271
11442011
11795808
11525094
11421875
11684673
11620796
11507908
11483879
11857261
11421602
11519359
11810052
11512460
11771501
11495203
11487630
11545779
11616365
11878891
11702201
11796355
11600475
11464217
11856329
12039364
11628855
12288843
11492370
11796661
11433389
11443323
11743562
11868858
11875489
11618930
11983295
11416558
12309748
11852103
12313170
11480931
11977478
11687586
11687397
12223943
11884511
11852691
11396293
11614034
11547011
11367948
11485788
11872877
11611962
12300776
11389171
11863247
11886874
11418281
12208220
12219526
12216174
11620482
11514467
11611159
11482736
11660108
11453031
11498821
11794541
11968169
11433200
11621643
11361405
11977133
11381669
11620249
11854039
11482168
11868298
11973708
12304927
11521339
12222049
11375282
11614882
11508973
11469668
11474775
11862012
11626772
12221192
11883590
11694364
11474522
11617834
11702056
11618649
11970968
11691796
11861305
11880787
11477166
11490815
11545345
11628950
11616699
11487677
12215885
11548484
11484399
11887174
11439395
11588793
11970610
11409381
11695714
11481744
11547251
11405815
11479314
11959438
11449598
11434289
11655998
11383036
11862769
11382603
11972387
11660540
11434997
11473481
11875354
11477921
11468714
11475200
11655256
11403497
11546677
11438987
11461442
11551663
11882032
11971979
11524080
11827265
11860249
11604500
11522479
11453499
12224218
11692071
11479900
11463276
11973813
11617139
11873171
12289049
11506425
11438204
11546901
11547190
11880293
11442505
11856488
11361953
11513697
11385470
11609692
12314953
11380531
11876715
11552827
11878509
11795649
11424029
11407388
11861163
11696202
11858462
11974538
11686327
11617269
11402427
11878099
11422608
12289298
12217886
11484570
12219780
12228172
11689468
11974106
11492507
12297101
11876586
11433859
11461066
11685531
11424552
11607957
11438352
11656206
11401617
11369323
11464983
11489336
11649808
11433436
11432742
11871012
12227917
11419894
11854537
11883369
11473349
11549302
11692700
11863829
12223972
11695977
11853597
11872572
12294797
11481710
11473210
11427927
11425430
11367893
11466638
12310145
11660026
11827483
11552321
11865960
11927485
11368136
11970081
11550017
12222521
11661179
11514899
11874727
11520106
11867347
11404867
11514131
11975442
11509498
12300836
12227040
11852738
11458346
12317004
11470057
11622272
11413753
11466246
12288824
12220691
11430906
11878895
11518124
12222741
11691531
12226108
11687005
11466956
11361651
11433176
11497233
11969211
11686791
11468670
11407275
11875531
11778227
12218580
11499645
11407424
11871595
11512499
11409583
11466780
11593185
11489576
11369377
11415641
11524943
11641077
11611907
11511630
11378800
11431042
11412287
12220137
11493915
11429323
12054716
11546377
11409504
11411107
11860673
11968953
11975450
11878520
11436210
11780391
11485809
11550929
11610463
11591403
11884758
11470666
11967921
11657699
11361529
11476176
11419066
11483197
11421500
11887419
11977161
11855935
11463198
11868120
11498488
11413897
11475027
11643027
11658353
11883358
11508767
11508672
11626585
11407271
11505537
12220708
11429655
11794700
11900850
11632223
11795448
11389172
11505765
11368494
11485021
11512856
11876918
11632539
12224853
11456177
11687693
11434158
11575643
11481152
11774972
11973801
12035625
11640067
11875210
11694353
12301339
11416832
12225000
11603637
11462121
11622744
11880323
12313158
12216693
11424753
11506211
11418964
11882916
11623183
11369763
11643126
11403534
11422915
11858873
12209504
11507274
11545873
11467646
11827335
11776312
11655855
11885891
11600207
11512749
11916253
11622934
11445930
11612807
12218756
11546372
11463058
11852967
11481064
12304677
11437711
11658205
11632267
11617835
11617643
11376010
11632697
11853052
11434483
11867435
11655567
11486601
12226745
11854676
12309516
11658715
12310273
11688599
11611576
12208475
11547167
11464057
11433960
11545165
11482524
11827409
12223743
11943033
11518554
12294877
11496315
11977552
11857383
11619328
12317842
11976168
11401354
11484830
11592724
11865324
11864724
11516620
11503404
11501786
11796375
11401052
12311352
11774201
11465684
12209016
11428098
12313692
12217536
12227701
11382350
11451372
11875565
11972461
11862388
11642547
11852545
11380340
11689240
11634455
12220373
11464390
11488520
11864180
12208891
11546506
11483255
11447183
12228514
11976513
11859410
11406963
11881548
11510008
11852697
11423632
11700837
11425340
11773502
11880086
11413884
11473509
12216349
11400245
11412928
12209412
11614167
11776646
11417939
11437543
11393498
11446916
11611751
12301860
11685007
11658578
11367687
11689410
12217413
11603804
11369186
11429824
11521358
11771546
11621190
11380883
11866676
11772080
11425200
11525547
12310248
12290252
11409738
11967651
11514663
11658264
11659946
12054900
12291543
11612051
11865416
11655413
11795852
11442744
11682438
11429172
12221564
11869176
12300466
11440588
12219997
12294391
11857503
12228065
11887408
11854788
12209601
12035622
12225183
11870771
11658581
12227904
12228848
11627189
12225678
11908104
11853114
11463589
12229844
11967223
11695941
11512333
12226357
11400193
12302187
11434409
11410290
11856510
11688053
11448440
12219144
12310992
11614581
11613913
11385400
11388569
11469788
11413872
11548303
12224986
11544909
11861017
11544315
12227737
12306444
11609438
11871794
12309488
11773497
11416349
11388646
11461853
11381135
11385915
11488122
11411399
11488382
11474269
11406802
11421475
11970481
11480837
11481088
11467217
11481954
11634304
11425291
11796242
11368438
11634705
11618076
11588724
11853267
11436885
11866399
11450620
11475270
11410552
11618914
11773553
11652565
11855857
12226530
11432429
11691020
11480535
11417832
11885339
11547234
11856803
11685244
11502952
12225825
11657049
11486093
11464067
11877931
11862819
11684903
11972809
11657281
11779274
12291474
11463964
11481765
11521272
11546656
12225361
11470036
11398606
11366837
12309698
11657789
12310092
11512575
11794784
12226651
11483153
12209838
11485466
12342638
11858541
11616023
11884832
11429338
11627124
11495005
11402727
11885638
11470742
12216689
11968759
11877841
11878433
11427875
11661465
11503651
12302029
11435208
11614530
11425453
11875927
11425922
11632693
11659855
11405963
11551801
11867678
12218524
11453655
11423703
11604657
11974410
11910604
12229279
11406642
11482778
11691388
11622853
11655241
11484938
11489732
11423906
11410043
11375304
11433178
11436463
11374926
11544535
11463499
11467326
11361318
11383651
11431279
11518650
11591530
11473546
11472219
11794817
11515436
11622987
11877463
11547806
11362061
11885846
11774004
12309042
11865225
12066952
11503407
11523095
12314992
11367735
11859761
11467686
11522511
12219146
11639812
11469413
11611583
11857632
12304461
11544902
11872287
12224311
11652628
11519315
11405642
11632721
12219700
11634534
11628738
11616709
11614236
11797095
12288391
11517453
11546946
11795962
11448561
12313249
11616995
11446292
11874669
11874574
11420376
12294654
12290378
11478021
11604520
11880809
11903958
11628880
11776714
11863625
11506387
11695602
11855408
11967822
11870018
11546248
11632342
12296787
11481187
12289441
11695786
12229394
11696079
11883655
11467881
11471922
11509701
12289473
11869214
11462627
12305433
11620535
11619136
11425406
12309548
12301630
11621788
11434555
12220583
11685046
11692551
12216950
11383358
11471930
11857655
11481337
11415970
11886860
11967576
11867761
12295891
11618634
11442450
11659221
11504259
11851507
11366758
11616528
12290083
11495010
11641093
11628547
11642896
11377209
11874248
11688498
11852878
12309754
11866605
11380316
11375174
11957128
11501784
11858567
11522800
12218728
11967463
11440751
12300456
11969509
12289381
11470641
11863796
11620458
11970813
11872095
11859793
11433795
11642471
11661448
12288437
11642521
11424151
11502951
11660069
11519490
11774555
11409523
12314994
11632150
11405249
11660375
11796734
11471313
11384832
12228483
11871009
11614769
11497757
11852916
11450283
12314606
11419093
11507476
11797235
11469189
12209182
11546098
11661396
11489347
12301893
11593616
11826966
11660820
11967319
12307310
11856392
12222213
11826895
11974330
12216162
11659029
11377454
11522735
11368287
11827319
11486519
11472283
11408424
11794441
11385518
11659125
11862195
11622024
11508505
11859320
11411439
11476789
11477229
11375290
11661044
11958600
11611671
11879617
11600937
11658760
11469215
11406355
11412791
11873163
12309863
11469076
11422041
12301999
11688544
11884183
11794671
11473041
11473518
11865792
11428028
11694062
12310138
11385139
11795278
11403392
11476243
11462049
11408495
11454726
11712691
11398764
11477362
12229004
11385270
11626752
12296803
11604258
11970802
11886464
11659149
11629157
11480697
11419367
12224087
12314198
11522795
12223925
11489490
11692590
11976999
11865878
11368398
11973228
11444862
11476673
11619906
11826567
11794574
11856942
11618489
11852385
11694494
11514749
11524065
11483932
11387180
11419859
11857528
11565430
11505255
12224776
11399441
11602204
11448078
11549789
11796521
11428608
11450700
11772179
11411537
11428711
11609302
11474349
11373703
12311285
11441218
11977554
11974960
12291426
11522991
11416702
11479195
11424259
11611408
11411857
11886694
11857322
11361972
11968079
11613593
11879656
11425794
11433196
11656788
11463459
11972502
11487737
11854411
11408964
11545239
11795786
11399409
11520222
12225911
11976441
11702057
11862275
11375162
11977306
11432195
11476550
11868483
11440127
11858383
11474556
11367815
12312216
11401542
11549929
11775350
12312077
12217986
12288524
11463050
11968617
11483915
11493264
12054846
11496261
11805817
12220440
11967913
11426688
12313006
11462640
11884042
11462730
11857305
11375576
11692387
11774847
11676226
11479066
12294516
11974752
11626983
11520630
11657494
11376461
11423393
11660330
11974605
11796053
11448308
11445187
12305833
12051379
12296396
11477969
11419188
12306356
11483088
12226178
11445859
12318034
11880652
11611820
11424026
11864225
11864868
11775392
12219004
11592522
11394796
11403163
11426707
11477111
11485229
11506649
11729963
11684552
11613423
11877277
11480624
11480229
12314324
11696434
11427209
12220786
12306672
12294386
11689676
11776051
12313840
11470116
11413313
11684957
11436227
11857990
11499711
12301897
11398258
11548980
11549761
11686692
11462273
11421637
11484394
11516623
12039124
11864939
12054699
11872411
11482843
12220123
11377324
11884523
11969936
11862448
11660983
11477555
12216060
11497918
11381923
11478112
12313272
11450184
11407555
11380875
11510021
11868761
11503737
11432106
11523269
12301572
11512374
12228225
11975184
11481715
11463639
12085072
12300805
11549358
12217320
11857912
12220607
11880772
11423155
12314068
11692271
12218111
11471642
11478375
11655225
11369487
11482288
11510151
11438750
11362152
11537673
12311714
11426496
11451660
11634051
11446277
11474786
11977429
11459077
11409351
11617207
11692722
12222136
11872039
12035584
11487372
11409561
12300822
11432102
11407342
11552436
11853696
11441952
11546462
11550058
12296431
11853901
11408394
11857850
11381785
11616179
11416579
11866280
11477332
11496168
11425728
11627597
11862290
11634602
11366341
11464662
11444248
11384433
11611959
11433012
11521581
11695297
11611875
12216990
11475079
11425122
12296846
11481793
11507282
11414727
11475019
11618239
12304575
11451199
11689148
11552249
11851618
11910717
11620405
11473071
11696482
11417706
12309437
11445912
11856972
11613194
12209484
12228450
11874232
11518555
11551076
11657573
11692110
11366389
11409544
11658793
11518925
11772125
11376618
11477044
11478036
12222305
11621224
11776787
11472797
11519738
11884970
11468788
11432784
11661261
11852222
11689928
11526543
11797087
11969246
12225953
12288520
11826470
11408447
11878190
11634749
12300749
11865473
11655516
11383785
11642692
11693827
11655227
12216498
11617211
11856432
11369909
11972033
11643887
11484689
11513745
11970569
11889853
11695719
12294612
11886255
11599388
11489328
11660596
11470144
11424266
11744008
11658470
11438520
11659996
11548053
11502522
11876512
11427282
12208235
11492360
12305883
11466049
11376505
11497915
11464768
11633984
11972073
11883459
11546114
11475724
11549904
11529978
11397432
11406590
11864944
11805922
11975883
11366598
11593457
11866542
11524363
11882691
11368918
11545025
11621216
11694908
12310221
11361686
11405673
12314616
11410463
11479506
11421041
11489523
12228049
11546018
11873440
12226573
11551149
12306702
11448742
11867132
11854477
11483060
11492714
11485022
11506396
11603681
11628182
11622978
11377499
11454457
11634130
11368146
11413349
12227530
11973523
12227763
11369813
11431254
11658378
11523814
11503943
11509051
12305074
11871613
11684826
11367309
12224877
11501979
12226025
12223082
11387240
11685957
12225387
11439408
11626881
11433810
11622515
11863716
11634090
11971047
11503910
11613987
11971093
11879510
11376050
11475511
11434056
11515875
12313316
11971984
11425787
11872106
11507151
11693747
11389330
12295680
11492991
11483569
12066764
11422207
11548585
11525976
11485733
11474685
12035103
11400430
11771463
11858632
12313471
11692501
11485873
11408011
11489444
12302092
11388706
12222369
12228680
11882911
11795813
11696710
11973658
11866822
11860322
11853085
11871609
11550881
11512494
11659917
11467156
11505876
11878772
11884560
11550413
11486530
11404276
11477282
12222562
11524880
12229715
11844040
11368953
12304970
11404900
11776551
11476776
11467483
11430338
11656995
11506014
11514064
11771567
11626688
11859089
11635075
12222889
11382310
11385544
11969649
11395969
11469535
12313606
11518604
11430211
11513793
11383071
12217211
11604062
11443059
11592327
11464583
11480969
11595833
11549392
11404793
11689176
11448486
12221700
11976213
11423634
11643101
12313973
11975352
11879355
11483618
11862630
11619176
11856928
11621808
12318171
12220903
12306712
11447077
11409658
11480288
11886078
11366408
11864063
12309023
11484080
11367943
11473638
11437420
11871076
11458916
11489359
11458465
12314678
11773494
11864123
11610016
11622858
11640224
11868727
11976689
11497071
11485693
11627104
11520007
12035873
11508778
11506772
12228171
11692536
12224854
11416301
11410298
11448517
11630555
11500088
11477065
11458054
11444897
11414756
12066960
11486221
11440772
11466828
12218869
12310305
11425403
11545505
11691999
11691898
11425691
11484274
11619426
11449850
11618710
11517031
11425885
11430451
11611487
11460773
11657376
11811596
11795049
11432214
11877338
12220664
11518781
11739549
11475314
11416711
11696168
11412549
11500897
12314337
11861616
11884058
11618592
11656316
11684905
11370267
11633671
12311962
11507396
11517009
11612979
11519179
11434442
11871742
11464821
12296168
11655699
12227308
12304510
11826476
11872450
11611250
11489199
11610390
11488155
11511975
11472972
11856325
11547065
11549529
11425732
12207781
11695626
11612462
11473871
11661678
12220556
11623210
11866852
11450272
11622149
11417822
11658621
11660211
11472738
11474723
11488220
12294676
11411746
11434439
11660064
11874372
11655187
11685834
11968144
11620726
11421613
11773377
11450333
11604534
12227974
11794389
11454715
11459064
11473639
11407190
12229281
12318375
11613884
11692138
11775380
11658177
11887494
12317248
11378883
11974654
11389112
11628870
11479515
11600967
11969377
12295654
11386378
12290135
11970762
11478468
11428222
11968347
11487416
11970660
12229790
11660492
11884709
11869481
11866955
12224725
11409154
11772588
11626392
11450998
11870319
11858409
11702240
11629260
11967184
11659297
11494371
11617382
12310069
11468891
11776698
11414195
12311891
12217307
11792085
11975474
12228341
11408094
11460590
12219950
11469424
11521117
11467237
11628568
11453966
11441216
11869422
11859252
11640941
12220573
11871158
11868054
12035456
11876422
11392009
11447693
11435048
12217387
12225140
11975840
11604552
11860449
11498482
11469774
12210025
12207960
11463806
11593558
11430915
11431968
11452004
11497828
11438217
12300500
11885000
11871182
11690521
11500826
11377984
11855264
12309550
11700835
11486978
11434974
11657961
12219381
11375648
11520159
11531851
11854196
11472954
11439667
11369285
12220391
11485980
11570384
11600340
11468961
11975165
11518039
11420275
11417724
11880377
11627865
11641092
11863163
12215994
11634546
11634802
11472694
11407232
11866115
11881119
11499390
11406105
11882962
11502207
11877872
11686855
11546712
11866664
11468741
11694404
11423398
11433777
12035672
11619457
11431335
11618366
11495337
11858847
11633172
11967324
11440590
11376608
11383287
12208178
11510629
11627367
11500907
11634551
11521637
11876401
11855029
11488587
11881488
12217911
11885419
12228980
11545737
11597149
12228245
12229230
11689835
11499309
11684686
11504839
11546838
11485447
11976006
11421919
11442332
11488851
11968623
11519290
11499556
11870210
11444511
12288826
11423360
12289304
11514834
11614163
11971354
12220278
11453852
11633946
11601386
11817999
11593162
11403611
11622643
12305040
11412677
11484619
11505133
11876111
11423750
11971812
12217223
11854298
11862325
11386574
11686873
11690795
11509683
11627622
11923497
11868498
12223959
11622026
11614638
11551722
11886230
12288880
11545731
11867826
12209662
11869746
11489899
11550310
11392253
11433266
11548761
11609435
11484166
11522664
11505972
11546285
12296256
11454004
11479381
11495877
11661055
11626254
11439353
12228444
11688975
11550235
11485756
11640419
11487951
11463611
11428991
11868643
11689196
11514667
11969129
11514867
11376489
11655021
11551786
11489369
11551000
11412113
11413862
11471771
11459680
11438952
11696564
11476918
12288361
11633971
12218379
11870747
12229084
11423845
11437742
11794906
11873510
12311107
11880643
11443951
11467249
11620708
11427197
11396023
12219618
11854673
11865434
11377723
11611534
11864963
11445201
11476021
11689560
11475821
11513501
11775104
11431669
11660990
12209756
11455139
11769887
12314918
11642849
11381356
12051062
11417229
11474679
11441078
11421840
11545375
11970114
11825400
12318094
12294665
11432054
11551514
11886017
11456660
11971470
11520422
11477812
11507032
11655446
12318458
11431426
11688496
11449168
11368501
11688621
11860624
11430448
12290075
11885963
11619052
11854046
12304621
11869258
11866255
11882461
11391116
11485152
11871348
11487588
11875874
11404968
11469939
11623294
11429584
12306779
11642580
11893016
11856846
11432380
11482462
12223866
11549531
11438889
11497906
11434485
12208489
11381858
12216855
11618287
11504274
11882462
11377547
11856840
11691399
12304056
11865928
11795707
12228799
12224804
11501193
11473376
11618970
11660322
11795854
11510529
11658124
11690179
11452214
11473362
11970754
11439473
11976901
11424225
11864771
11973059
11656239
11544460
11609747
11464872
11426849
11551447
11471096
11627500
11368749
11797057
11974806
11552399
11501480
11484036
11977064
12289773
11626686
11640616
11617316
11486775
11639878
11444791
11548318
11880959
11386221
12216235
11876289
11859517
12313299
11389695
11975652
12035313
11655269
12227532
11413055
11381731
11635033
11685952
11969767
11485166
11378067
11410093
11858845
11431840
11878010
11436773
11613946
11482879
11855224
11656490
11419147
11437215
12313181
11870458
11396601
12301159
11865971
11858799
12217410
11517336
11628852
11564624
12342623
11375967
11439998
11567746
11506141
11489355
11551743
11827524
11702133
11976769
11630188
11430233
11881534
11420398
11524082
12318108
11425797
11863627
11690412
11505950
11631360
11695004
11378282
11866328
11387939
12210175
11387648
11497763
11509781
11735275
11488682
11886528
11418805
11858627
11429837
11483399
11684528
11519189
11382703
11418192
11385463
11462658
11852168
11407891
12217953
12297020
12035952
11773457
11368637
12307361
11619143
12290450
11773560
11470276
11875366
11776543
11657868
11634555
11477745
11507602
11880111
12309904
11591707
11381532
11485459
11472922
11368486
11429332
11394668
11855215
11375810
11377102
12289122
11383568
11429798
11701759
11485009
12035696
11412203
11966983
11469398
11659018
11693787
11390600
11486607
11400149
11873049
11683858
11441663
11876983
11661508
11486847
11607915
11866855
11467832
11477233
11614043
11398524
12217327
11968516
11451428
11655346
11500522
11619139
11688426
11876116
11522535
11465386
12219710
11629186
12215553
11686911
11873045
11544687
11515934
11622790
12222044
12218355
11369051
11855846
11857764
11637272
12314349
11490898
11885448
12310828
12210079
11399008
11361809
11469066
11428164
11874543
11421470
12229532
11470656
11431781
11439700
11446815
11402729
11629201
11410523
12226634
12035941
12291044
11529463
11642483
12290730
11857105
11969813
11598476
11887073
11613836
12300708
11883954
11423457
11455892
11831900
11508967
11430383
12301134
12219764
11608044
11611131
11383232
11515073
11851414
11432754
11864835
12216068
11689091
11519779
11859566
11444652
11855464
11408860
12301239
11381071
12218565
11465828
11464945
11520186
11502959
12316979
11883317
11376592
12208136
11515520
11793118
11488787
12314306
11772942
11661375
11610115
11619749
11430146
12311541
12313149
11870428
11854212
11659021
11525468
11633099
11875027
11516953
11385617
12219895
11454571
11775804
11420110
12037744
12290413
11430815
11407747
11521191
11879711
11614267
11452795
11409135
11512135
12209275
11427817
12054609
11692402
11447715
12307394
11973894
11702262
11545451
11642627
11361418
11655750
11381517
12289856
11387488
11435282
11657059
11553088
11469294
11656609
11692647
11520593
11958415
11655726
11452704
11478717
11880300
11967689
12227009
11505559
11450411
11691696
11512066
11641891
11452964
11485746
11517815
11380262
11693906
12304533
11874740
11655367
11878980
11461376
11853049
11748552
11416429
11866305
11609334
11424480
11696411
11443863
11496749
11616442
11462707
11855540
12228981
11524712
11430507
11970687
11431567
11456749
12219077
11974631
11510503
12216976
11510122
11399687
11480672
11389328
11863710
11388891
11873512
12227957
11464712
11463287
11827033
11861611
11628361
11660701
12220599
11503688
11391212
11417594
11858753
11611286
11968777
11491894
11699992
11886974
11440265
11390846
11468667
12220275
11510190
11468283
11450460
11552702
11551973
11860787
11658355
11865019
11774147
11428563
12306744
11397634
11887153
11975992
11969265
11878873
11486793
11876976
11855715
12310161
12318083
11607982
11618300
12223582
11633320
11501669
12035971
11882705
11656925
11469303
11713207
11401648
12035245
12208835
11487871
11376932
11967847
12219415
11633653
11462272
11772787
11457766
12222036
11688149
11499830
11611230
11475661
11395477
11477737
11524717
11854277
11640025
11514586
11868429
11420479
11689000
11659050
11502577
11547455
11506000
12309623
11656665
11471821
11515373
11773290
11859412
12218018
11610438
11659214
11874177
12223353
12225292
11513918
11852809
11510708
11873986
11661077
12224505
11442181
11976070
11413030
12311759
11377430
12226746
11622569
11774604
11634527
11511151
11860659
11497310
11796696
11693809
11613700
11854919
11514938
11868173
11655193
11882318
11690413
11658281
11467366
12311495
11464829
11570064
11774020
11440641
11593427
11618358
11773797
11967362
11613645
11872641
12291053
11883751
11866044
11691268
11874879
11616517
11485192
12217084
12208951
12216445
11466195
12207812
11485003
11506881
11441279
11451909
11974652
11702064
11418371
11473267
11482715
11773333
11865293
11368564
11857482
11632285
12229471
11544260
11466900
12311729
11496363
11973651
11482374
11634482
12216593
12296734
11773885
11465783
11683762
11476877
11975185
11511020
11796471
11377582
11806585
11633200
11859361
11368356
11773369
12207879
11607943
11438989
11481102
11774101
11476271
11971947
11412821
11887294
11552376
12313573
11440474
11614746
11505002
11462278
11875738
11620241
11690719
11482542
11407537
11513522
11463156
11418689
11869705
11863794
11472652
11655799
11656330
12311216
12035619
11514575
12317286
11693084
11601106
11824595
11861648
11655979
12305250
11661132
11436456
12035024
11976259
11428435
11693938
11593000
11378131
11414147
11796506
11519234
11472329
11467210
11655474
11969103
11827393
12218437
11498036
11366403
11973378
11486322
11471288
11975796
11441675
11885562
11368266
11775598
11380049
12218050
11476652
11658664
11361564
11470444
12226791
11460748
11433205
11795549
12318878
11362021
11614054
11484409
11597793
11875767
11628301
11449400
11972971
11659568
11403390
11864742
11855615
12222612
11430459
11689469
11425804
12066931
11776600
11549684
11692047
11546446
12217555
12208246
11471210
12222531
11626441
11448370
11591488
11485937
12229522
12317488
11381042
11878643
11972875
11506743
11447653
11627685
11685242
11862350
11433240
11468069
11418511
11427697
11486879
11594681
11974347
11546481
11524349
11515291
12290123
12209264
11430175
11688003
11640495
11430435
11485132
11498725
11655453
11458641
11442503
11550947
11417086
11596288
11468166
11880346
11403605
11969109
11592093
12228047
11399603
11687758
11476079
11869191
11375026
11615115
11516297
11826551
11382746
11657591
11850708
11872601
11375766
11548989
11484337
11477454
11410052
11616908
12314672
11389478
12297041
12216407
11515525
11867375
12297126
11628275
11434309
11655466
12290836
12220146
11608122
11426546
11475172
11399964
11970983
11972107
11854897
11501297
11613945
11660859
11602747
11685175
11429132
11417892
11437597
11685355
12224328
11708502
12313655
11632228
12208762
11417813
11475526
11860410
11477992
11475480
11611177
11435353
11689407
11827390
11509892
11452755
11885140
11415323
11603243
11884798
12219178
12305302
11423203
11497605
11616928
11609410
12303838
12229692
11967448
11974478
11684783
11376331
11876221
11597435
11468542
11794381
11513703
11550646
11376084
12215496
11857390
11967470
11400700
11614734
11857080
11444499
11968869
11869802
12035679
11864737
11619755
11613546
11851801
11446348
11369900
11473325
11689646
11656830
11548910
11966909
11401012
11617467
11619800
11495622
11481507
11870715
11640722
11418761
11870892
11426123
11620453
11619410
11860761
11369583
11416974
12228232
11456864
11687687
11861299
11548243
11416123
11488547
11383429
11520233
12208467
11657897
11377630
11374997
11976377
11437203
11430301
11869179
11447942
11591822
11517485
11862397
11526791
11885898
11522622
11510321
11551337
11376142
11481736
11884169
12224039
12291497
11465744
11794745
12054686
11794861
11690378
11655759
11391595
12310045
11547015
11438477
11613737
11441305
12051343
11384971
11482176
11426464
11369090
11537020
11877027
11367965
11501483
11773152
11496187
11977312
11870363
12221454
11512830
11855616
11484903
11862064
11431503
11600691
11467738
11462842
11879089
11612741
12304744
11612368
11796620
11687004
12208651
11471443
11471842
11690924
11499568
11507176
11484278
11423639
11461482
11858832
11382968
12296609
11461737
11361701
11504833
11602195
11976915
11546940
11688834
11434046
11692527
11402309
11433622
11475834
11865479
11609697
11969622
12226661
11870651
11859473
11439336
11857556
12303811
11553099
11881232
11403916
11367368
12305505
11860233
11474678
11552763
11423100
11776637
11619737
11509073
11473788
11488219
11604016
11872215
11500230
12305086
11969923
11480603
11858199
11618506
12314981
11412334
12216654
12226712
11969261
11972946
12224689
12317406
11876262
11868759
11432229
11880751
11469160
11421860
12217541
11423021
11405563
12226047
11487770
11854502
11500748
11495131
11523091
11659792
11767150
11448694
11452281
11878021
11610571
11406640
11869626
11485592
11497035
11375817
11420466
11551643
11500772
12314286
11877396
11974475
11450301
12311111
11858332
11464737
11481277
11396360
12311462
11548338
11694028
11479022
11508949
11470711
11423506
11644659
11611971
11701996
11616874
11633646
11513870
11861121
11975234
12227173
11604349
11861009
11794985
12300995
11505054
11467516
11774621
11660953
11972220
11976723
11885810
11433633
11617261
11867313
11510700
11516004
11515351
11461170
11688171
12216585
11483491
11854491
11599987
11550977
12219310
11658357
11794642
11416456
11977581
11487674
11794885
11640280
11469436
11389862
11615955
11873053
12291151
11389799
11515297
11505850
11417921
11418986
11549440
12297045
11657277
11775034
12227157
12291405
11408539
11895520
11728205
11973318
11404822
11871618
11873495
11628677
11519871
11518174
11471495
11388447
11870786
11474545
11629023
12223578
11887509
11413732
11874692
11865024
11779024
11689721
11485184
11611856
11749250
11880213
11633717
11658313
12311916
11431131
11434082
11379791
11694568
11388918
11514005
11655804
11498803
11477599
11414967
11592376
11871006
11969873
12312230
11374568
11771663
11695821
11546641
11869875
11376930
11403041
11869748
11771826
11501179
11616880
11485470
11891615
11688479
12297074
11867870
11378529
11634214
11486762
11379719
11377702
11426758
11630680
11873600
11968876
12295659
11377215
11460833
12216851
12219499
11463798
11632348
11858593
12290202
11423923
11414460
12223528
11478492
11415911
11660031
11522514
11507483
12289909
11609762
11640793
11406083
11482680
11594164
11442104
11794761
11467127
11470622
12229117
11476394
11508168
11482067
11547243
11684598
11477062
11453066
11463408
11591786
11398458
11443546
11406443
12216419
11640971
11368792
11439883
11430767
11871744
11609565
11486655
11683595
11512259
12300742
12312942
11476006
12229247
11401045
11389339
11451130
11484519
11640794
11688625
11441046
11412684
11656569
11411877
11627200
11620957
11546833
11468617
11634271
11416065
11633770
11524477
11636567
11546122
11775084
11794533
11950598
11818231
12305546
11407009
11405345
11403331
11864215
11452985
11427843
11523639
12218371
11640075
12035881
11797104
12215643
11404782
11603153
11469963
11967748
11869446
11432168
11407304
11609541
11796231
12208183
11508982
11472292
11376767
11642832
11432708
11656436
11658086
11467000
11614855
11971281
11861609
12208692
11776778
12216504
11869895
11489345
11367946
12288603
11692220
11398498
12294950
11866409
11868404
11423098
11617857
11379203
11854527
11884026
12225372
11485333
11660158
11451894
11507767
11616977
11598065
12227026
11691015
11869051
11618123
12301667
11478800
11443173
12291355
11857808
11370036
11419906
11469412
11451882
11388123
11480319
11875413
12208610
11452065
11636095
11967390
12312913
11604769
11826643
11861295
12208654
11381701
12291598
11515612
11487984
11776408
11665930
11418685
12288874
11467786
11474454
11552076
12051094
11426933
11591917
12224902
11421466
11591303
11878687
11415119
11366877
11409341
11826758
11609640
11477582
12225977
11863635
11468533
11520300
11510372
11433873
11507963
11498741
11808863
11854988
11855778
12222276
11655434
11477099
11435217
11468422
11430575
11484711
11519663
11403197
12228747
11488069
11451114
11366346
11629015
11661008
11523611
11522491
12296329
11429433
12301912
11502333
11866129
11684480
11877855
12216423
11968414
11862632
11969599
11423468
11496322
11855136
11388744
12304457
11884949
11455758
11702224
11626836
11882224
11616337
11617340
11597146
11418110
11406763
11443784
11862857
12305513
11656981
11687935
11796600
12309399
11622109
11863613
11967500
11546342
11488320
11453117
11498737
11855637
11411849
11530654
11430012
12304952
11552353
12342631
11773738
11602026
11498517
11413401
11834818
11976934
12223695
11377902
11854413
11471604
11513085
11500037
11640088
11432821
11684641
11545705
11375293
11410032
11519705
11414590
11613762
11496339
11691784
11518164
11441137
11485025
11437411
11858882
11400551
11633589
11408896
11449781
12054597
11774459
11466315
11418112
11433055
11856128
11674718
11627408
11494173
11445067
11398554
11472266
12229207
11621779
11452805
11776761
11660147
11977647
11970567
11549884
11632893
11856996
11485421
11773968
12311025
11873514
11407565
11640123
11483051
11426106
12295946
12314398
11472456
11611313
11404351
11405311
11508944
12289547
11971768
11592672
11623288
11600801
11410133
11466350
11414887
11881511
11619816
12220670
11609547
11462771
11500181
11404653
11772412
11410437
11478239
12294662
11686864
12301342
11776216
11511881
11447136
11487051
11550464
11496705
11488542
11424101
11609641
11629179
11451393
12217406
11376277
11404847
11827473
11956667
11431896
11775337
11868507
11464238
11867404
11423117
12208613
11391483
12215942
11692243
11442910
11741574
11382485
11656505
11626959
11626675
11510432
11611857
11689404
11616629
11853937
11412597
11614049
11619419
11632625
11404067
11446078
11977561
12309369
11634934
11858172
11432205
11527958
12227293
11518512
11660845
11886940
11973766
11973218
11513207
12221485
12225879
11973512
11771324
11431956
11498894
11974406
11439518
11475912
11604555
11501584
12317311
11877357
11655221
12227424
11604539
11477063
11488755
11485091
11866597
12000732
11619305
11857039
11688397
11389174
12219860
11450452
11468622
11549766
12300999
11546336
11658669
12223396
11628574
11696631
11551694
12054993
11546468
11486783
11871795
11498621
11446483
11685733
11771421
11803496
11426411
11684218
12309129
11686719
12221011
11871826
11551967
11693710
12302006
11860053
11361577
11489630
11685110
11411339
12306024
11465758
11861989
12300634
11796868
11732147
11875596
12217940
11776108
12209301
11870034
11693290
11472506
11441335
11688358
11658573
11827356
11500925
11472594
11408355
11441862
11874783
11616752
11453445
11861588
11488283
11433164
11377662
11972805
11476473
11875218
11968797
11869800
11660780
11453213
11614432
11873859
11381534
11429720
11616927
11967661
11487000
12051271
12342684
11852838
11471820
11771341
11379413
11479813
11548814
12217750
12313124
11869979
11621346
11522799
11452856
12216667
11873978
12314601
11369500
11486387
11466782
11914443
11439253
11467546
11868052
11616953
11871614
11974653
12289146
11966900
12304106
11525794
11863455
11831317
12309813
11872916
11594240
11904456
11656809
11660212
11975108
11630678
11883006
11386968
11796315
12301634
11945234
11687473
11778243
11617685
11656270
12310804
11398422
12226649
11863499
11487818
11852645
11553000
11403593
12227093
11613118
11604762
12216432
12229102
12223787
11880813
11473968
11500285
11489308
11375707
11376295
11688076
11465768
11870022
11858778
11971048
11489388
11475984
11512166
11422789
11630174
11688688
12315092
11633905
11496612
11628822
11977412
11524246
11383159
11973388
11476821
11376958
11431819
11550991
11695898
11600635
11503064
11851421
11496463
11614858
11400573
12309866
11973874
12228693
11429235
11885537
12288703
11622217
11387725
11426862
11795425
11977519
12291109
12301760
11739318
11443614
11973751
12035814
11882244
12294432
11887195
11969660
11974121
11852363
11659895
12221612
11974265
11448715
11544313
12301389
11484102
11795517
12309166
11867221
11860246
11658839
11656294
11657873
12309473
12226408
11375499
11512846
11452293
11854934
11427719
11506584
11971102
11689265
12227120
11432408
11880838
11415733
11861213
11418638
11451728
11968274
11463153
11862760
11975104
11470687
11429796
11969661
11439281
12085119
11437053
11609746
11503086
11477552
11409405
11975212
11614282
11520432
11468712
11627395
12035833
11774252
11868639
11975910
11659326
11689284
11903960
11547663
11502476
11618106
11518888
11502014
11686458
11551633
11366443
11972373
11420961
11447920
11685309
11977008
11552217
11692797
11692964
11863051
11685513
11490513
11869144
11873647
12300583
11361357
11514537
11483875
12309446
11403184
11772995
11916970
11975413
11450096
11489406
11404415
11472015
11827414
11974532
11776493
11686259
12217046
11968542
11614470
