12217167
11375202
11773110
11748700
11709828
11510466
11546312
11361963
11451332
11871057
11375717
12312937
11633587
11631427
12302221
11656372
11657917
12000754
11482720
12218429
11383420
12217194
11501914
12227232
11621789
11618503
11617767
11619773
11744615
11546447
12035646
12209862
11616940
11383405
11485059
12290325
11684172
11695019
11806037
11504570
11471561
12226532
12314283
11687692
11728180
12309617
11857074
11478942
11511229
12317544
11375017
11451322
11449537
11552900
11857673
11505873
11865251
11402459
11471576
11500761
11622548
11421534
12288620
11797281
11508039
11481331
12216939
11972170
11492402
11453125
11774497
12306556
12035490
11443956
12309836
11510885
11659495
11973632
11485362
12224409
11462282
11659089
11463178
11403297
11643049
11868787
11445550
11683859
11447111
11660512
11628856
11552387
12296619
11551758
11659428
12222413
12304117
11685785
11387084
11693658
11603781
11690243
11776229
11524502
11402696
11531831
11634702
11438343
12219941
11406593
12223947
11687288
11488163
11616497
12313908
11473605
11478808
11603048
11864885
11688856
11599729
12218472
12223835
12208566
11393544
12296659
11883917
11403675
12317626
11436507
11977324
11483331
11621287
11404488
11859037
12311959
11685005
11655441
11692301
11621383
11883331
12294518
11692995
11446441
11659031
11366365
11617196
11485403
11418078
11611816
11459265
11967360
11428908
11472839
11642944
11855851
12313192
12224596
11684511
11875908
11376960
11967027
12207845
11622204
11869884
12317295
11544258
11633027
11429219
11493694
11622697
11774016
11687874
11860551
11656152
11472593
12304203
11612431
12306638
11883064
11482949
11621269
11499474
11485687
11870095
11633930
11410567
11867016
11856478
11975957
11506478
12291039
11436894
11833455
11696166
11438775
11482724
11430480
11976913
11611402
11375353
11419226
12218148
11525573
11483227
11486967
12093886
11475860
11569008
11591696
11690783
12218951
11449246
11796965
11853247
11479770
11876219
11617292
11885422
11968987
11874980
11659047
12288713
11431484
11692633
11476291
11604337
11517667
11421429
11869946
11398798
11687306
11483638
11854684
11379159
11440610
11870000
11453342
12093547
11470465
11536443
11369154
11975363
11687838
11772061
11640810
11508417
11874355
11417846
11869558
12215338
11601062
11481681
11779429
11368001
11433156
11797242
11367117
11499348
11412162
11418332
12310818
11796250
12066857
11851653
12226522
11628687
11968746
11550789
11423053
11476585
11861906
11482953
11693612
11406362
12219010
11549359
11519161
11476025
11615956
11618018
11866834
11468761
11608022
12223102
12294443
11428963
11656265
11420722
12309591
11612632
11394823
12318257
11620642
11423916
11854344
11411148
11643071
11499213
11795125
11413627
11595626
11514309
11523996
11972599
11377797
12301274
11588775
12215675
11361462
11464084
11475667
11417564
11887248
11428311
11666523
11859273
11661720
11877690
11951438
11486992
11368537
11472397
12209382
12317098
12228280
11377661
11871924
12207780
11514684
11511154
11473146
11872248
11472232
11795083
11478945
11591117
11866740
11488449
11970527
11796650
12221544
11881685
11657966
11968209
11430346
11423619
11378001
11774220
11660489
12224489
11504037
11503226
11452894
11420798
12310259
11546171
11873930
11482361
11422101
11696106
11482666
11876260
11841247
11612542
11852686
11425757
11404394
11386142
11497997
12216164
12225532
11882545
11628721
11642709
11619731
11618980
11772957
12221690
11519575
11486897
11550936
11694685
11593304
11856120
12217340
11593396
11370176
11853654
11805426
11689292
11773723
11386115
11659241
11432596
11451932
11422200
11632874
12312097
11868838
11690693
11967904
11886494
11464831
11464759
11375919
11421418
11477013
11375305
11477133
11862919
12220176
11967750
11470077
11514433
11429330
11391955
11640147
11502212
11966989
11441590
11634911
12222631
11658785
12312980
11494021
11589313
11412350
12317584
11693936
11495024
11772203
11442917
11604396
11656209
11499427
11465654
11603548
11479169
11626494
12312096
12289023
12307332
11805897
12305363
11515461
11417322
11826486
11439844
11858945
11604727
11772841
11695283
11482362
12291417
11476751
11860523
11773752
11827276
11477457
11640863
11882762
12225577
11502270
11694505
11619869
11514437
11772401
11975832
11375602
12226268
11690900
11522911
11503356
11604656
11523083
11713756
11872345
11617622
11626609
12317404
11973551
11684879
11442707
11619770
11402045
11503175
11619861
11398528
11796417
12309582
11428272
11599183
12220294
11877270
11859232
11616987
11368253
11886921
11462236
11779428
11973119
12209874
12301770
11421561
11483953
11497363
11429451
11868877
11472666
12317802
11685261
11369140
12218481
11618079
12288431
11507957
11511415
12223963
11492310
11481334
11883155
12227727
12220338
11969080
11863209
11621428
11604488
11399305
11855749
11377798
11393680
11765779
11521237
11425589
11426423
11467827
11368341
12228788
11471786
11627004
11795689
11462189
11865812
11470838
11419058
11851889
12314128
11482177
12296243
11613532
11794542
11520253
11857999
12218081
11876957
11422978
11860361
11410573
11403421
11396668
11795825
12311166
11685481
11473105
11477366
12216566
12295717
11865085
11415354
11858086
11407134
11627585
11602236
11691620
11721437
11453423
11796063
12224783
11419045
11508609
11702068
11496742
11546011
11508503
11452542
11470018
11688581
11869694
11552972
11696329
11881222
11627766
11617209
11386306
11480368
12300446
11851831
11513711
11836708
11497846
11851914
11402888
11447742
12226249
11904724
11877537
12317216
11460147
11471445
11687052
11852660
11687740
11488685
12294706
11442222
11886447
11426637
11468586
11469782
11867610
12310917
11875035
11603747
11404466
11827176
11432818
11434775
11451330
11406423
11441719
11488728
11598398
11485806
11482624
11618395
12317212
11684844
11370245
11508065
11878363
11401750
12311125
12306358
11867136
11851479
11382001
11773973
11876623
12227236
11444967
11878714
11475244
11628806
11655932
11869197
11614128
11962190
11616052
11484566
11546262
11661229
11603987
12317443
11880715
12208234
11411207
11471839
12229502
11612917
11481508
11449323
11468892
11614475
12316932
11779166
11453310
12294271
11403794
11685866
11740976
11626170
11379948
11974534
11805098
11479468
11427354
11467543
11507763
11527366
11633173
11868478
11428611
11369945
11430135
11474281
11387330
11603291
11550860
11509464
11598587
11511288
12290236
11974937
11497207
11411803
11655481
11398414
11659016
11876553
11599208
11432612
12225340
11827216
11811350
12291408
11403989
11977034
12226860
11485225
11428426
11464741
11447121
11639899
11951466
11693970
11976770
11918085
11866805
11549136
11463039
11618409
11474221
11686142
11621300
11519906
11434441
11472289
11974868
11618253
11871648
11891821
11434156
11621526
11877815
11883750
11428228
11795227
11549712
11411594
11520973
12219012
11433548
11774051
12219627
11428479
12224335
11511973
11456628
12313457
11859678
11837633
11407616
12300835
11613722
11657292
11627561
11417299
11377832
11494222
11872920
11772440
11660060
12318697
11614261
11855377
11519499
11380429
11879784
12226640
12224015
11376146
11658968
11857798
11453004
11361666
11468660
11873263
12216755
11688831
11976655
11493492
11941036
11776363
11855103
11619192
11404431
12221982
11968060
11479534
11544328
11695163
11467861
12312108
12305595
11803778
11868553
11441268
11861934
11486600
11872711
11518637
12217623
11616371
11462175
11976857
11520884
11691395
11505934
11657514
11518793
11642673
11439265
12228133
11659203
11689414
11448223
11481296
11611569
11775181
11878344
11617902
11656722
11863059
11406098
12223454
11695239
11522106
11852058
11441178
11451106
11468880
11468453
12220916
11431535
11588714
11627096
12301887
12223909
11617830
11826663
11861435
12296429
11689153
11448875
11960500
11970668
11861446
12225963
11444673
11872982
11854681
11414697
11489438
11931649
11617038
11969134
11877753
11616950
11473966
11658952
11691444
11867832
11524105
11521030
11771288
12228831
11420172
11805254
11885848
11464130
11695578
11973769
11434200
11612767
11369009
12226597
11854889
11826773
11447169
11686599
11544302
11476060
11455837
12225780
11375693
11377075
11857966
11491352
11385901
11409311
11656050
11916783
12297089
11972362
12300961
11595656
11366338
11660335
11886349
11477850
11508350
11686863
11435258
12304916
11597320
11367465
11380747
11771510
11884888
11891651
11795950
11815575
11855998
11616515
11467829
11509968
11775630
11692211
12301674
11470040
11505453
11427336
11486787
11463814
11732429
11655303
12305398
11861229
11655777
12309421
11774516
11443856
11629083
11443378
11545557
12229964
11417585
11657763
11873875
11688687
11687428
11866928
11838885
11494909
11513973
12295959
11854103
11514124
11497200
11878260
11773521
12227389
11508863
11417896
12215343
11620879
11684782
12301322
11380106
11884240
12228321
11729226
11694806
11522197
11640285
11377043
12301973
11517395
11869531
11409155
11696602
12226156
11400936
12066804
11369891
12295801
11366634
11395218
11795859
11377975
11474876
12318288
11852992
11640853
11853425
11498327
11632823
11404713
11629152
11633549
11423553
11619433
11860603
12216413
11687903
11865767
11970971
11525202
12229374
11404463
12289673
11485943
12289898
11406781
11660190
11857806
11871180
11619803
11614507
11476336
11976375
12222228
11394118
11960145
12309021
11696540
11620660
11744846
11370172
11858721
11627956
11602337
11859439
11448765
11684770
11387653
11476847
11794945
11500705
11425205
12288780
11471269
11477420
11696012
11414877
11484254
11429767
11685781
11688337
11429787
11659073
11405496
11498187
11361834
11471470
11876606
11488890
11503594
11881370
11855109
11858968
11451574
11427849
12218470
11406111
11853196
11463442
12226938
12314795
11405383
11692839
11485607
11508642
11874341
11550111
11598850
11478751
11686195
12217020
11771681
12220230
11486062
12289935
11450088
11619824
11655210
11509614
11688349
11796780
11779567
11596760
11508171
11626169
11795704
11975426
11473331
11521359
11481122
11688501
11488041
11423245
11549142
11613896
11645148
11634331
11409926
11856258
12310082
11620776
11611901
11506809
11684445
11452906
11464039
11602442
11603721
11530786
11433154
11519390
11688598
11368585
11851563
11468505
11855610
11485042
11633544
12314131
11973624
12220741
11862373
11866901
11974980
11447886
11930877
11393919
11863581
12222667
11405945
11409947
11795893
11876753
11449097
11432864
11448976
11642569
12217354
11617423
11658692
11609682
11855209
11861620
11443977
12035005
12229697
11859375
11550064
11478122
11489696
11865966
12315364
11416323
11430121
11430970
11431228
11551031
11410198
11368240
11694566
11692591
11796392
11480840
12217032
11884813
11476530
11468334
11429223
11632508
11776063
11861340
11462833
11627966
11859912
11882471
11408083
11883868
11885604
11447079
12305773
11505948
11975253
11615995
11634330
11590873
11376808
11974155
12302037
11969285
11500352
11796460
11864304
11634193
11631323
11487069
11608100
11416020
11431171
11614207
11863067
11609537
11613342
11604566
11362121
11693879
11967609
11499749
12311614
11502748
11439063
11361324
11679746
11596478
11693170
11403979
11818128
11510084
11441266
12226551
11856670
11687147
11600490
12289923
11484854
11970418
11789074
11404902
12317131
11687603
11394969
11462354
11685212
11382916
11974051
11463573
12315080
11425135
11796289
11423940
11544681
11512442
12295926
11977455
12311571
12313793
11971414
11880187
11470212
11449170
11442390
11368957
12220828
11871966
12225594
11885497
11610335
11505635
11880296
11622675
11522179
11484841
11380097
11495506
12217027
12317581
11853066
11522757
12305474
11874513
11884686
11467165
11880710
11672814
11512517
11426609
11601893
11973364
11551340
11968896
11507197
11520854
11794731
12219611
12301504
11858566
11862664
11829094
11416431
12223144
11469315
11535773
12309313
11518207
11866557
11562745
11467442
11439106
11616190
11368800
11493981
11683966
11970665
11517912
12310998
11485216
11486413
12217770
11485292
11449012
11537652
12207818
11610087
11424605
11974354
11523393
12228249
12307212
12296829
11852535
11931063
11477794
12216666
11431753
11696099
11874947
11869183
11402780
11478060
11640920
11404508
12305915
11594080
11444977
11522921
11812288
11545603
11795349
11485033
11640111
12288841
11423698
11518035
11505205
11597244
11419052
12220972
11419469
11433274
11874063
11377478
11656920
11970260
11866219
11741986
12309576
11473551
11858029
12226116
11876755
11496924
11471490
11866405
12304948
12288503
12315317
11370312
11388616
11440203
11432413
11626501
11976619
11472508
11405844
12226865
11859579
11593367
11429841
11882885
11431305
11854347
11877544
11388685
11860160
12317182
11626962
11626756
11519329
11488863
11485314
12219583
11414131
11547436
11867948
12220067
11447773
12219011
11609417
11977365
11689296
11408407
11779168
11399018
11626216
11880041
12300726
11883581
12309599
11475530
11383272
11423685
11552162
11967990
11859355
11869086
11484937
12309052
11855796
11657327
11488946
11381142
11405406
11634639
11479874
11482762
11634264
12314978
12218194
11417935
11864106
11690794
11687287
11880721
11508361
11794468
11880199
11405957
11479872
11470541
11622951
11485422
11463407
11423542
11409935
11977203
11608112
11971151
11499701
11772624
11448573
11484904
11414465
11369359
12216708
11688577
11438563
11683795
11970333
11511557
12289703
11470154
11414283
11879286
11369846
12220106
11660036
11369388
11474238
11856480
11776240
12296808
11876121
11412699
11684656
11873027
11522705
11864855
11694091
12051274
11483670
11886347
11627406
12290624
11884574
11591659
11879657
11485927
11386648
11602152
11881116
11377739
11868315
12300739
11516145
11720564
12215471
11487879
11409379
11878087
11858508
11873838
12313759
11972944
11505939
11690135
12288426
11527966
12221111
11973720
12219404
12223820
11642988
11516713
11506223
11470054
11409857
12218473
11659224
11969551
11406481
11434697
12290268
11393052
11432675
12226419
12225945
11418357
11420211
11523017
11974476
12208118
11973786
11474030
11483952
11869999
11655261
11632705
11375594
11877688
11464288
11685151
11859753
12312200
12208940
12221313
11685248
11424066
11875193
11691793
12318109
11361926
11464174
12208868
11382985
11546040
12311699
11683658
11795589
11827310
11451857
11508172
12315218
11694968
11488989
11661343
11694760
11975131
11513751
11611694
11771835
11877915
11774846
11805949
11684593
11867229
11853487
11601133
12288615
12209003
11619629
11881528
11873097
11685775
11473020
11863339
12314785
11518521
11478334
11695141
11468615
11461551
12303957
11405057
11467797
11686410
11549167
11619895
11550208
11593739
11826485
11367791
12223497
11611827
11627249
11448397
11415330
11522933
11975732
11857883
11382331
12223654
11975774
11369663
11974370
11427546
11515617
11495750
12224315
11547385
11472173
11393776
11968686
11424565
11608083
12228797
11465297
11886602
11472367
11423390
11509698
11601089
11450569
11977116
12301683
11618297
11877191
11500023
12227735
11640478
11693522
11613573
11695701
11631643
11385022
11689470
12291485
11433311
11499388
11503856
11873375
11854895
12296944
12317306
11472011
11546021
11469543
11879249
11859350
11655776
11498496
11974626
11464447
11622799
11402600
12219041
11855805
11827422
11419837
11469656
11859109
11865248
11488770
11432627
11771700
11424252
11407755
11520866
11881825
11686816
11632452
11544497
11612478
11857947
11692117
11860857
11694304
11431147
11633116
11882315
12224322
11881637
11549348
11774414
11692433
11871411
11479799
11853661
11466304
11391754
12216634
11686368
11690519
12215829
12304982
12229365
12307390
11597124
11471884
11417420
11855057
11655615
12309253
11866502
11370244
11976622
12035567
11971621
11505821
11886678
11471141
11741552
11690117
11472583
11856738
11521910
11609631
11526724
11773218
11546115
11384545
11497926
11361694
11489659
12306249
11696175
11618035
12304688
11626500
11789337
11465326
11424692
11856247
11473003
11886169
12227301
11885553
11924296
12228795
11868708
11485701
11417186
11685571
11876009
12294691
11613275
12291584
11659848
11497459
11614197
11436337
11780463
11553030
11467636
11474861
11874603
11628374
11656273
12314101
11518089
11871409
11881355
12313649
12220579
11720591
11690508
11857271
12210999
11400257
12216710
11685307
11630738
11443204
11476985
11858453
11409790
11728063
11892405
11423635
11694995
12305322
11486217
11442400
11433489
11693919
11425017
11510090
11445042
11657273
11871200
11507059
11599399
11376871
11617653
11544952
11862864
11882525
12224649
11462907
11524753
11546267
11385672
11375198
11773761
11536916
11947102
11470708
11529446
11772052
11477732
11870656
11449188
11695250
11469711
11475585
12218270
11436326
11471643
11547743
11597553
11648541
11862877
11970795
11609997
11476938
11806035
12310788
11407137
11562883
12290825
11841693
11876921
12309771
11406508
11696538
11499302
11399227
11690251
11862497
11387270
12066913
11826493
11795163
11511136
11406662
12304611
11869991
11967161
12290574
12227549
11862248
11868076
12223829
11408513
12289130
11972302
11408697
11403386
11479896
11597400
11467822
11483886
11417734
11866836
11490904
11370243
11686784
11687489
11622215
11592880
11692931
11688584
11506757
11931661
11464047
12301148
11696773
11595229
11970297
11691438
11862390
11866109
11884230
11688546
11695831
11386343
11442259
11361964
12290597
11508990
11416864
11377625
11376089
11628728
11461725
12229276
11442896
12209808
12229187
11869082
11380773
11408214
12291419
11609992
11771353
11394399
11967584
11877585
11448879
11368887
12313527
11508131
11633010
11934721
11375117
11495805
11376604
11634452
11796304
11797142
11796235
12317201
11856931
11626209
12218562
12301192
11627067
11660590
12208057
12218271
11479941
11634900
11448335
11613891
11433007
11621679
11871472
11402101
11520846
11383314
11450515
11772253
11509693
12066762
11873708
11385913
11826833
12219369
11594494
11658874
11774821
11875409
11879588
11684546
11595604
11524821
11698315
11485718
11487375
11416367
11420462
11659723
11740302
12054891
11463474
12310762
11871184
11609659
12216759
12295975
11853626
12310683
12229851
11405214
11466683
12291127
11960522
11973723
11970195
11401300
11439851
11867074
11660977
11959559
12288716
12227582
11882584
11795619
11463089
11484692
11855199
11869858
11660316
11369437
11865271
11615025
11855335
11871098
12221863
11618180
11440018
11445694
11405539
11491317
11415716
11414163
11659104
11977348
11693713
11864249
11627957
11468270
11482874
11423578
11692102
11380663
11525325
11788084
11771629
11656917
11388887
12310764
11880089
11377800
11685719
11627246
11689538
11877144
11860784
11399458
11600210
11774904
11463730
12035823
11972806
11474918
12310929
11774915
11407445
11851607
11460986
11851604
11635041
11866421
11862553
12310200
11626553
11442310
11656861
12051087
11866924
12304747
11426190
11518860
11547463
11484152
12066767
11421398
11394488
11642659
11694899
11630749
11878679
11421957
11484331
11452678
12209203
12217852
12290302
11613617
11611360
12295694
12216249
11862661
11883682
11361622
11486986
11631471
11655389
11544913
11838731
12305967
12227666
12305063
11437432
11604806
11877736
11462413
12304271
11474115
11442773
11870206
11878917
11688659
11863322
12304804
11487487
11440902
11903973
12035427
12307095
11779381
11463503
11617171
11609635
11968224
11959185
11628068
11613219
11854955
11420811
11773235
12208862
11450076
11796002
12289574
11881200
11512792
12318099
11859416
11444991
11627491
11546633
11464128
11549444
11976987
11854164
11375464
11437442
11404058
11412293
12317236
11972928
11464436
12066944
11550914
11477169
11873377
11773327
11505708
11437513
11643092
11885132
12318729
12305704
11684520
11640960
11425881
11881307
11462812
11880210
11599272
11435247
12316884
11772524
11628514
11490741
11376285
12223004
11860826
11517749
11432263
11633252
11418931
11485401
11688660
11603013
11381336
11612795
11545775
11695809
11434311
11550810
11929089
11506018
11599687
11862905
11634007
11409715
11976183
11886863
11503008
11642814
11629215
11385444
12215350
11875829
11567745
11412939
11430545
11826256
12092807
11616509
11687440
11389083
11487727
11436140
12086313
11518231
11851462
11635019
11864836
12229284
11969718
11450535
11611214
12226958
11385973
11486210
12304926
11375406
12304401
12222254
11878852
11628102
11796749
11604600
11610022
11477275
11971513
11410549
11790591
11477473
12222712
12309840
11976851
11423999
11619231
11549190
11868518
11977603
12290844
11858477
11401157
11488217
11476773
12314626
11642770
11471078
11620440
12295060
11478743
11484239
12223674
11411113
12310922
11519527
11546209
11633745
11693435
11696143
11858015
11403607
11508711
11869567
11420884
11971276
11922431
11612892
11361790
12208344
11465629
11967316
11730327
11660487
11453229
11631482
11482759
11612855
12225540
11661315
11863787
11609937
11389530
11604365
11466222
11884202
11549010
11453127
11377410
11633263
11884845
11859413
11857199
11594141
11861165
12220684
11469627
11446239
11853809
12317007
11380156
12221718
12308971
11873014
11779368
11971334
11548127
11604529
11474091
11408584
11476716
11884505
11382328
11621752
12050994
11446588
11368488
12307356
11476839
11449588
11795444
12297004
11872818
11472357
11657163
12224496
11465403
11870232
11873971
11409655
11366842
11973755
11525925
11634424
11509389
11658943
11620837
12308930
11509520
11435239
11903081
11735523
11436404
11864648
11774522
11690731
11632798
11683463
12309252
11972036
11968964
11626365
11400830
11632707
11795844
12296948
11388179
11416497
11684539
11856799
11437627
11873872
11879401
11389123
11633944
11969361
11861474
11501639
12210108
12039323
11616900
11692360
11389332
11518165
11464528
12219839
12295631
12313309
11863126
11972842
11860915
11380479
12290460
11551103
12314676
11427540
12221218
11508834
11769885
11551977
11491603
11481935
11692318
11867011
11694394
11376133
11469981
12291166
11691924
11483589
11433880
11876783
11368897
11865668
11549048
11404278
12294367
12306103
11827299
11884205
12226068
11488442
11863185
11432605
11695784
11369594
11492546
11368128
11600115
11633757
11375745
11974906
11854912
11453666
11819715
11396679
11519601
11632408
12310626
11385779
11413261
11588690
11361688
11379674
12309727
11970812
12310646
11612401
11866715
12209113
11361947
11869510
12227447
11509879
11856520
11862074
12309730
11870526
11482056
11415671
11617086
11485389
12223507
11408752
12317997
11488375
12208905
11552361
11855006
11639827
11683605
11424973
11607973
11620545
12289257
11938560
11701859
12218689
11495852
11487689
11361373
11864915
12305850
11866762
11486141
11507636
11946376
11967551
11536659
11851934
11518278
12309230
11504618
11771290
11627117
11863562
11551229
11498525
11422313
11610569
11406636
11858782
11875227
11487534
12304350
11705452
11431128
11684603
11521333
11548621
12310425
12208958
11876732
11477399
11607920
12296350
11506917
12222601
11593355
11367149
11473545
11861271
11442192
11617003
11519210
11619967
11474271
11687589
11550867
12210268
11853987
11486037
11969324
11481730
11505881
11686330
11691215
12222011
11966952
11552117
12288711
11621425
11552017
11640423
12054616
12290797
12307098
11452254
11429247
11973090
11880501
11882340
12229066
11779500
11684372
12221104
11377836
12035352
11491246
11501249
11551491
11871978
11482002
12317126
11433188
11593955
11502683
11621492
11471213
11862104
11480549
11853134
11967797
12207957
11487148
11634097
12051297
11455828
12221580
11544490
11419710
11381175
11864127
11875482
11466547
11391631
11415211
11470406
11877912
11660931
12307254
11513224
11467001
11423983
11886731
11628862
11448475
11773540
12314609
12315166
11612905
11375611
12215452
11408879
11626961
11400853
11467320
11427363
11774139
11659201
11788187
11882149
12294484
11655419
12290919
11427138
12311822
11406836
11659305
12208398
11857730
11875314
11487095
11473957
12035249
12051075
11632423
11874568
12318135
11858359
11463192
11522217
12315307
11388807
11447590
11536492
11472065
11876609
12217029
12315028
11551384
11408220
11439135
12039157
11376128
11863485
11434498
11771516
11619630
11773774
11453531
11507941
11618966
11604760
12218496
11469451
12229293
12035808
11517480
12228655
12309662
11973164
12216072
12227633
11805968
11657658
11629198
11640035
11885099
11656741
11773784
11382003
11517550
11898094
11976972
11859933
12219955
11621612
11694876
11658440
12066797
11613464
12222937
11474965
11874056
11775417
11854139
12313162
11476542
11424571
11525873
11434923
11588807
12304825
11552503
11482693
11968497
11443758
12226992
11498257
11387070
11503360
11529105
11863252
11853265
12310477
11489465
11774184
12217716
11969759
11545590
12208116
11377988
11550044
11634039
11854256
11519684
11875785
12311734
11904190
11661722
12035362
11424728
11640464
11550108
11696506
11532196
11771928
11407990
11600012
11693652
11876727
12088734
11805633
11970033
12216112
12311433
11443290
11853841
11872470
11795554
11368625
11657083
11388719
11496306
11864473
11368962
11416699
11869820
11976688
12317220
11866574
11622561
11865589
11516552
11609831
11825212
11687835
11551742
12294673
11501581
11413440
11380626
11864722
11406872
11659799
11531849
11658934
11968333
11389546
11866017
11489198
11375126
11854437
12226604
11408033
11493873
11968552
11972317
11514114
11613455
11389318
12289743
12223254
11460547
11408744
11430786
12306126
11975692
11695574
12221867
11640872
11604476
12039329
11613344
11975369
11655768
11972466
11885843
11611475
11420645
11869363
11854804
11552521
11967122
11505402
11508360
11868301
11442822
11875458
12035136
11389456
11633627
11504278
11685622
11692473
11694058
12289954
11871539
11412097
12314026
11438982
11444485
11881480
11546092
11618364
11395181
11882163
11370104
11604801
11860637
11613370
11855378
11642892
11440311
11880173
11660674
11407417
11380427
11656752
11688778
11464051
11438828
11705189
11967424
11827388
11486710
12209403
12289955
11484374
11413226
12223178
12217878
11873829
11570920
11611361
12290484
11968151
11875243
11432539
11415972
11514241
11521851
12301369
11968032
12051390
12222641
11857148
11497358
12305024
11859633
11691891
12222142
11796775
12228522
11589256
12290080
12289364
11552823
11860093
11601940
11634359
11615047
11481568
11608078
11623304
11626446
11489423
11465779
11475099
11593786
11640094
11805805
11493732
11551201
11387764
11922524
11872909
12305630
11873484
11404755
12217749
11388357
11476770
11860085
11853771
11868078
12223850
11519349
11439897
11462305
11874066
11451104
11872432
11632288
11685028
11973615
11876440
11425385
12288758
12225305
11683552
11453390
11696325
11877712
11436480
11861529
11618311
12289817
11623041
11621706
11549108
12216549
11503004
11410410
11971527
11628128
11399146
11689184
11433316
11857015
11969928
11633716
11834439
12208355
11967949
11626971
11858942
11466333
11410285
11840040
12223307
11369824
12305587
12301417
11470568
12210267
11696832
11469126
12303943
11690469
11832157
11852924
11897236
12314266
11774686
11628110
11610295
11914432
11377876
12066950
11614625
12207789
11442115
11971308
11594930
11972682
12305346
11614453
11692726
11885270
11376638
11515048
11504030
11522786
11464040
11667620
11438131
11486405
11871337
11772892
11361955
11421708
11435128
11387377
11434393
11631327
11870596
11496903
11393302
11920698
12229240
11485702
11796033
12318719
11484234
11533084
11736677
12218558
12208457
11620924
11530953
12221789
11857451
11852987
11860090
11906428
11421279
11525162
11405843
11549778
11609312
11968496
11796848
11466483
11684860
11487605
12035505
11614160
11796313
11604108
12288994
11869557
11366561
11858010
11771240
11408351
11497369
11619835
12312951
11810051
11369533
11471911
11633655
11613674
11973032
11607900
11459983
11429641
11406220
11619472
11881897
11611395
11415649
11496058
11870346
11796424
12227269
11611861
11412986
11377678
11544541
11973488
12311893
11851832
11431660
11470842
11659889
11471006
11487094
11618645
11410989
11968585
11972273
11632136
11409350
11686069
11873140
11887167
11412409
11510716
11468263
11710283
11632230
11615003
11684610
11522267
11421677
11864482
11774135
11466115
12223370
11982869
11628086
11401344
11406237
11693705
11367214
11399732
11595886
11393485
11466735
11615996
12342720
11477978
11689416
11779185
11686564
11618762
11617471
11616034
12218135
11450537
11506352
12310341
11479036
11609414
11545493
11621570
11687775
11438230
11390538
12222183
11552680
11421514
11926176
11795995
11484259
11550209
11691730
11854628
11545297
11491296
11622379
11885566
12222622
11879675
11548803
11409592
11876194
11689557
11776629
11430476
11367840
11887367
12208737
11684055
11642482
12310541
12304286
11857573
11376139
11522351
11885854
11612967
11908113
11657906
11520197
12294305
11551379
11508484
11498308
12035800
11970109
11613956
12310822
12304908
11498674
11854268
11906317
11452941
11688173
11481412
12304082
11475567
12311661
11484896
11968127
11487276
12224120
11550691
12229705
11774144
11870915
11685122
11775054
11655868
11427625
12218190
11614789
12304212
11361379
12035345
11614461
11514215
11443651
11428763
11632347
11481792
12224271
11425245
11463464
11831441
12217907
11677343
11876150
11674613
11478051
11879933
12342617
11506400
11412828
11489484
12223477
12215572
11469986
11617985
11972223
12310652
12306697
11797005
11376814
11423027
12229317
11423256
11867783
11478226
11977542
11860273
11522291
11878602
11774860
11885839
11876720
11439568
12314499
11611617
11686772
11548546
11945232
11396505
11852255
11856544
11506951
12295830
11602654
11382296
11631404
11436644
11477763
11973612
12051258
11521611
11562546
11659333
11368539
12220534
11634063
11795117
11549449
11878118
12296182
11473009
12309274
11701788
11866192
11462112
11427269
11820018
12226180
11428359
11489695
12291086
11471805
11438979
11595979
11616712
11868718
12209700
11441759
11410470
11973315
11866690
11779221
11396143
11853513
11494773
11686459
12035406
11376455
12054862
11627612
11494869
11453806
11689816
11381306
11467411
12304303
11512254
11512106
12310567
11475028
11597475
11686769
11772814
12311209
11368431
11774508
11885190
11495475
11796992
12224153
11369214
11865796
11522472
11617460
11627656
11776799
11905385
11429449
11427974
12294323
12312086
11869696
11403229
11597394
11552846
11429648
11657844
11887353
11975856
11772582
11880872
11659735
11863127
11683947
11872864
11627292
11499097
11659609
12211008
11975639
11621729
11412038
11444461
11611255
11611459
11381473
11436493
12218555
11546096
12294257
11510998
11877267
11627849
11509221
11616449
11969587
11612773
11632791
11430022
11427616
11478939
12217740
12229577
11695366
11469447
11520393
11485350
11640176
11473104
12224380
11430941
11867529
11450547
11433615
11436983
11408617
11693688
12289140
11382814
11451076
12309525
12209776
12229135
11851798
11772344
11425541
11418009
11463971
12301967
11438849
11973257
11775427
11972954
11866728
11379040
11657724
11514707
11377863
11488459
12229587
11861714
11696157
11429691
11684495
11376522
11545327
11547705
12291170
11429900
11415807
11427429
11417881
11875468
11852626
11854789
11411387
11471132
11594715
12216683
11693804
12218931
11975306
11874702
11394378
11482040
12290040
11368566
11639877
11428138
11427221
11612512
11406290
11402873
11690874
11885288
11675978
11684090
11656083
11544769
11480204
11472780
11498560
11878274
11571638
11491024
11690317
11410551
11876003
11853750
11424223
11967142
11400023
11870754
11690833
12054701
11616464
11436954
11485747
11873648
11868312
11620811
11657382
11875385
11484266
11411178
11803805
12228210
11551622
11436398
11862720
11855989
11611245
12223618
11522961
11384796
11477204
11855436
12220980
11806218
11515395
12035218
11796290
12216503
11974810
11696369
11633824
12218329
11617173
11858323
11790668
12305161
11967126
11366871
11506373
11972367
11616494
11376991
11882386
11496714
12229239
12314673
12311292
11366386
11484289
11632771
11775969
11971382
12217517
11447414
11869253
11549602
12223231
11489657
11886148
11796876
12224197
12088650
11412574
11881753
11695235
12218522
11515193
11871273
11413953
11640646
11468696
11818410
11522813
11976339
11959437
11879662
11452100
11795608
12224269
11451816
11407311
11976838
11865275
11862847
11419372
11973270
11507827
11973266
11975263
11619551
11868062
11465909
11634019
11640353
11878085
12289014
11517960
11876486
11486272
11632371
11968139
11476049
11480866
11850482
11439530
11430248
11550197
11504160
11484277
11883956
11640519
12290878
11616113
11970528
11907460
11448856
11870471
11361517
11551469
11851651
11884867
11418058
11505398
11485517
11945226
12288902
12216556
11521302
11552526
11877324
11632862
12296747
11694922
11635042
11424819
11549415
11433341
11856598
12051266
11547252
11468092
11419769
11375480
11488130
12310991
11976711
11857142
11886312
11548340
11613969
11864426
12305491
11412199
11856058
12311279
11972828
11608038
11640418
11880402
11974828
11958317
11683461
11485072
11496858
12209597
11551320
11419231
12226051
11509993
11482429
11425747
11380000
11659405
11478386
11627882
11879290
11590954
11855865
11863367
11868596
11852810
11497626
11632570
12229426
12216739
11409848
12296861
11448962
12221855
11616651
11862933
12217731
12309594
11391911
11493715
11867428
11970915
11489136
11633330
11976114
11771486
12051199
11511075
11660883
11881688
11852603
11969335
11696733
11440238
12306166
11867111
12290446
11439195
12208822
12304578
11549120
11689525
12308969
11619048
12035093
11659339
12306484
12226581
12090708
11551348
11381738
11855080
11404743
11399116
11506909
11368905
12307379
11367243
11367073
11871912
11508799
12309695
11693608
12304473
11853447
11507727
12300965
11415685
11495600
11596780
11976005
11511168
11509185
11546387
11659151
12220343
11427740
12035571
11619716
11969798
11884942
11640385
12219291
11867663
11503664
11463258
11436007
11384262
11620324
12310988
11430740
11975680
11550662
11550212
11383403
11862105
11870414
11861808
11488785
11549785
11658468
11388262
11480348
11598177
11673940
12223289
11603016
11452970
11886866
11369678
12311659
11611849
12314467
11875610
12208819
12300617
11420389
11852507
11629269
11658657
11862923
11692830
11610069
11375624
11866336
11502945
11695497
11404601
11444291
11774143
11881112
12294301
11477022
12218143
11863991
11521043
11427921
11426337
11493485
11613794
11659462
11549857
11967992
12216161
11970412
11445480
11617036
11379505
11693046
11417270
12227750
11492166
11853126
12309837
12229729
11873705
11505728
11480957
11451941
11593036
11441095
12309799
11693851
11437918
11547404
11855565
11367587
12317515
11474879
11443472
11856742
11685687
11857634
11534003
12300954
11956656
11449161
12296876
11429739
11516509
11626536
11694296
11602300
11467804
11603528
12290139
11694036
11661100
11550264
11589281
12316918
11974685
11509925
11630741
11389606
12290973
12317564
12221621
11589325
11926922
11548995
11461956
11622607
11869337
11482805
11771962
11665844
11489321
11391626
11634820
12224040
12220418
11387118
12217519
11478846
11515629
11604732
11405475
11888746
11471664
11460908
11633069
11502464
11613099
11884766
11604011
11422381
12296865
12229757
11482281
12290461
11393467
11484060
12227263
11604322
11688573
11437617
11520634
11550955
11451336
11796561
11659795
11549018
12294245
11477548
11627982
11684193
11547823
11398953
11852123
11976850
12295977
11685017
11772273
11830268
11405288
11971533
11519553
11515018
11496997
11860508
11612349
11609661
11694951
11549281
11772114
11453850
11411777
12300905
11427995
11856718
11875305
11874577
11537360
11589370
11440991
11657980
11796949
11464141
11478665
11868440
11688925
11772057
11613184
11417327
11622266
11658967
11633713
11375733
11467145
11874756
11973444
11691241
11620695
11516287
12219488
12209232
11389389
11467847
11873133
11406534
11517493
11660181
11628918
11524155
11446829
11874790
11860240
11875838
12218579
12219774
11702208
11684345
11388861
11545946
11873286
11386801
11774703
12306200
11826697
11517966
12310066
11498184
11427382
11968821
11623282
11688828
11552348
12223274
11869259
11854777
11406943
11547600
11483459
11432148
12224816
11629264
11972497
11618865
11450253
11545127
11641078
11611777
11397041
11549231
11497768
11708996
11506383
11416133
11455946
11853823
11505719
11508407
11661489
11687254
12223917
11368278
12306723
11683831
11874562
11613285
11773966
11772074
11656467
12035042
11772893
11614613
11478958
11470514
11656139
11412870
12290859
11683879
11391763
11484474
11620198
12302128
12215499
11420289
11466993
12051033
11422506
11689720
11432848
11660274
11868933
11862634
11399371
11406891
11524629
11429050
11691583
11479804
11967325
12342586
11506131
12288599
12225080
11826722
11634601
11977502
11496245
11470914
11659352
12222983
12291113
11687053
11863448
12223427
11436929
11865041
11518575
11409775
11380910
11685441
11976805
12220925
11861327
11426046
12318700
11462205
11551467
11602599
11478623
11438997
11701772
12209516
11464206
12222990
11395952
11510535
11412483
12219919
11479835
11431174
11484545
12225062
11412806
12227390
11486254
11514994
11613484
11879137
11505977
11971950
11862146
11972963
11434727
11597361
11376673
11533984
11776263
11630673
11977240
11494891
11687934
11906740
11375736
11642154
11434017
11858910
12226974
11619985
11509729
11970558
11883867
11659237
12209558
11479316
11507469
11440530
11970130
11871296
11977745
11684634
11421566
11970533
11478141
11660286
11431864
11658153
11967589
11602213
11967533
11423103
11858849
11794977
11447083
11367581
11656251
11867533
11502646
11471926
12220537
12218062
12301485
11897682
11694795
11375459
11872473
11391499
11472282
11552037
11616026
11689222
11857274
12313458
12216530
11522370
11773662
12220974
11403377
11875131
11774849
11852350
11488782
12216804
11361316
11611773
11385432
12229224
12303880
12294544
11454541
12228860
11478719
11609886
12093556
11771589
11972908
11822055
12316956
11771586
11689796
11368349
11506253
11416118
11431667
11471496
12304577
12218734
11698411
12219648
11771906
11822095
12054848
12215818
11686258
11490841
11776753
11497010
11550198
11614484
12221442
12218705
11486912
11858450
11875618
11408440
11521784
11973381
11434378
11857439
11504234
11869317
11803704
12035575
12226907
11469231
11433956
11626278
11659775
11509761
12223540
11970890
11546740
11472845
11448259
11589330
11618457
11415454
11376131
11392956
11452342
11466509
12222214
11867182
11366778
11463158
11484051
11872644
11883759
12310806
11546729
11416458
11772446
11406721
11876094
11875106
11871887
12224249
11483439
11692044
11867893
11480008
11439238
11469465
11489238
11507678
11610350
11497347
11852983
12306214
11520424
11433222
11545813
11512519
11477689
11447052
11689303
11695706
11861861
12035660
11406203
11881311
12310465
12051063
11972049
11661036
11409800
11489353
12305913
11795964
12313613
12210038
11615119
11420348
11877403
11883001
12224758
11594055
11884791
11369132
12306829
12302093
11874495
11502336
11879608
11366802
11776458
11469474
11497884
11886519
12051295
12227260
11597232
11449452
11970666
11376900
11411027
11644041
11859906
11886684
11706225
11426196
11597988
11519631
12290345
12305000
11522771
11970131
11375990
11865951
11392680
12035788
11421413
11473755
11774792
11425272
11479507
11376685
11519111
11484718
11510587
11869097
11632750
11380422
11626824
11858803
12289329
11447727
11773096
11857800
11884305
11513956
11426728
11482204
11505117
11454396
11361661
11853509
11412468
11398245
11946897
11464852
12223056
11439643
11487236
11854617
11887001
11547054
11456419
11389614
11436708
11687880
11775433
12289479
11593811
11604379
11547920
11361538
11475791
11377719
11377350
11429349
12208468
12310950
11620617
11871738
11423035
11421436
11881604
11416021
11453360
11381876
12305389
11498686
11861239
11772807
11368096
11627909
11477652
11869152
11501114
12301553
11862303
11400162
11550109
11614730
11863150
12310608
11361763
11971644
12226503
11969196
11511706
11776414
11887103
11974713
11658464
11477971
11453992
11547398
11633020
11412090
12208874
11472576
11404381
11885615
11975359
11637239
11426112
12208229
11416254
11860964
11512844
11376251
11632985
12317342
11774660
12304871
11773157
11628310
11379538
11434817
12310779
11461653
11434029
11974606
11882580
11968938
11616297
11658279
11487420
12220251
11545495
11619325
11658404
11361429
11410141
11503964
11546373
11508502
11611433
11550238
12218649
11465575
11856924
11971338
11865187
12221475
12227281
11612505
11483020
11463341
11659629
11866312
11545109
12296267
11453840
12294604
11484182
12305653
11367755
11694166
11868604
11482125
12219976
11367999
12215827
11480908
11551475
12219619
12309110
11394585
12226073
11859463
11596754
11972411
12289237
11860750
11544587
11434694
12309299
11659909
11552717
11620298
11513897
11470089
11470891
11548333
11805924
11452008
11852565
11495249
11794489
12303870
11379635
11626819
11972479
12318157
11366879
11407524
11874024
11435012
11795298
11418821
11622494
11468845
11844256
11386375
11385688
11633146
11863064
11862123
11489581
12035127
11504094
11659199
11598746
11859630
11479843
11434323
11856434
11613904
11404173
11779300
11977606
11474479
12317590
12087222
11865987
11788901
11851839
12210270
11779038
11503383
11612830
11916667
12216457
11657812
11969846
11795860
11853287
11376891
11504567
11854993
11451349
11414818
11509799
11488256
11493035
11476827
11627443
11474501
11548978
11520030
11873208
11367795
12305051
11772790
11497418
11640484
11439301
11632339
11597939
12318101
11399186
12312929
11629164
11508249
11473974
11868626
11465937
11869975
11794487
11500832
11884936
12222103
11877363
11690755
11610423
11403816
11627709
11834268
11416645
12219463
11858894
11887534
11549756
11381896
11690524
11464462
11864237
11409579
11496394
11549315
11510914
11546091
11661540
11622306
12313674
11687123
11871581
11432497
11632802
11776109
11872076
11413566
11414662
11885152
11632392
11612988
11548040
11968104
11604507
11544500
11452025
11443877
11479886
11884465
11618782
11498159
11712612
12288883
11861801
12066779
12218485
11402799
11552863
11512183
11496820
11827363
11634556
11633161
12311424
11863785
11464195
11687792
11791317
11547782
11870401
11468313
11655202
11886272
11494440
11853522
11967647
11616286
11875820
12296745
11977282
11656160
11688682
11617784
12302122
12218225
11713046
11412950
11475835
11508568
11361543
11730986
11772043
12218592
11883871
11675190
12066906
11870791
11826752
11435581
11851791
11868493
11432124
11875897
11618414
11404598
11876765
11829611
11874151
11502378
12304546
12316877
11430362
11660730
11655598
11640892
11440749
12220596
12226360
11450354
11509852
11467957
11656754
11467692
11486721
11517093
11408979
11656691
11461044
11686542
11376920
11616056
11860890
11489054
11433257
12222811
11871710
12221277
11406890
11686218
11380587
11598126
11361849
11873224
11386581
11877470
11378461
11521880
11811580
11563140
11471682
11413883
11469785
11547924
11873855
11971355
11495255
11454059
11883551
11455257
11661669
11875252
12217618
11391887
12317948
11736231
11609795
11514958
11403101
11977288
11504886
11437091
11861136
11609353
11864614
11477761
11404581
11872776
12316909
11465292
12304896
12066845
11464093
11969075
11864519
11869823
11415768
11546362
12225486
11505570
12306753
11629053
11598374
11415945
11957135
11551875
11486908
11361474
11974495
11619935
12288761
11471406
11874343
11794367
12314175
11595094
11661085
11898780
11412189
11545468
12051048
11855412
11489385
11422772
11402628
11545949
11519230
11377925
12314647
11861115
11433449
11860490
11478320
11495378
11711888
11517243
11973190
12289508
11862900
11485755
11454601
11545923
11776535
11384614
12054786
11613749
11876862
11367340
11654162
11366834
11885930
11406569
11879593
11478515
12035210
11863672
11865482
12218711
11381454
11483643
11884322
11969307
11432703
11550384
11858815
12229748
11865157
11524796
11932428
11692235
11695344
11861907
11471943
11477251
11661313
12216911
11661118
12316990
11447022
11449399
11475445
11475849
11402236
11470061
12311567
11463693
11870855
11601788
11469017
11454017
11468843
11642686
11522049
11552629
11548233
11858647
12035536
11478701
11369667
11480857
11517162
11406755
11483000
12216222
11469671
11502238
11381821
11546803
11511473
12220524
11872020
11613923
11877916
11772243
11868943
11451791
11886588
11794911
11401318
11772139
11659254
12229541
11513690
11601342
11451399
11658684
11429002
11420757
11859374
11866788
11437817
11685437
11370189
12220561
11859521
11875679
12304298
12302021
11689211
11481150
11442384
11544320
11418553
11614485
11403328
11513731
11444509
11868079
11858355
11485749
11604540
12224726
12288763
11853165
11599116
12311625
11484255
11968289
11885849
12225020
11817816
11485513
11680992
12313251
11968616
11377087
11658849
11450238
11860125
11885159
11851532
11860324
11446471
11976508
11774665
11870121
11692961
12222586
11402099
11428970
11420786
11617012
11859303
11859744
11503283
11873717
12225924
11503872
12225158
11496734
11547493
11483742
11656713
11686047
12221576
11689378
11434291
11481840
11438664
12301365
11959193
11548477
11445948
11475926
11976173
11473721
11444981
11686727
11616930
11852882
12305383
11592934
11862658
11882961
11361509
12222713
11874448
11488566
12225940
11413691
11489759
11469529
11870838
12223903
11774359
11401901
12301542
11969656
11413013
12290826
12209563
11656266
11771868
11974241
11685607
11640996
11628479
11643080
11776092
11884742
11884124
11873824
11523240
11369888
11477348
11611435
11875401
11491582
12342717
