11438563
12318336
11883837
11794731
11859686
11383452
12229814
12290640
11674682
11502773
11827054
11525633
11545325
12305852
11386869
11448117
11550250
11687242
11621334
11702141
11970304
11453440
11869990
11551336
11613660
12218191
11616321
11376178
11501304
11600508
11412327
11431371
12227181
11416442
11405699
12222879
11858830
12310597
11507583
11890412
11547904
11967845
11404521
11620490
11376081
11626560
11369053
11405918
12308929
11626589
11617482
11434286
12224832
12226832
11851929
11639915
11492450
12290341
12222139
11691955
11512831
11387308
11858833
11619020
11442125
11696095
12226015
11524656
11484100
11659058
12223380
11480918
11400670
11508105
11863274
11619593
11771870
11633193
11970827
11487510
11629106
11931590
12311356
11505885
12294715
11463079
11487618
11391815
11977506
11632682
11875744
11402574
11876385
12288387
11377386
11550894
11973382
11517662
11827376
11463882
11867802
12318034
11437702
12306444
12228895
11627913
11660433
11486365
12295815
11627549
11435947
11419032
11483945
11545101
12226600
12311602
12288600
11453284
11653173
11882089
12305091
11796602
12310375
11981926
11879492
11471521
11471948
12208667
11380203
12305626
11622414
11687282
11377105
11869633
11886303
11425991
11880441
11430918
11870298
11378194
11855772
11368273
11622094
11478137
11772834
11452887
12313054
11454011
11876586
11387047
11405837
11857600
11603993
11858986
11936405
11863873
11865423
11657480
11470071
11418611
11856532
11464112
12311200
11421663
11693729
11602282
12223787
12301876
11659139
11859827
11405321
11377778
11634047
11612811
11609967
11448811
11481390
12216243
11628327
11658702
11446693
11619079
11384729
12222228
11622136
11696734
11967514
11683611
11772100
11687527
11552136
11617966
11423964
11521107
11369214
11827015
11418357
11856745
11873684
11976895
11886127
12317723
11376693
11403386
11620030
11613733
11976864
12288522
11967479
11503974
11976592
11797352
11441256
11802691
11368286
12219481
11448403
11689445
11375415
11656929
12218973
11466153
11399553
11971543
11973817
11441893
11473902
11694613
11688246
11856776
12216461
11451259
11775301
12291072
11418308
11884514
12217215
11492183
11596879
12304386
11509738
11688295
11440520
11634182
11974792
12225328
11423457
11466025
12309158
11463066
11464024
11548462
11627493
11481784
12314333
11733024
11773670
11918077
11856059
11415236
11634357
11970871
11436951
11854416
11492732
12209826
11521741
11611289
11386046
12220638
11864857
12301830
11505662
11381692
11439618
11425728
11872484
11520704
12054779
11361482
11464511
11400173
12311653
11461831
12215968
11694536
11545868
11616493
12216120
11971902
11903081
11856610
11860363
11433529
11689522
11430863
11410561
11858957
11877259
11774695
11464578
11686391
11487214
12219950
11634921
11609623
12314338
12220358
11633934
11598466
11602878
11974926
11655805
11427577
11879143
11520580
11407333
11512349
12301096
11464047
11633287
11619187
11398134
11695879
11867540
11550686
11473000
11860464
11873780
11362082
11377199
11620826
11881249
11478946
11657139
11427135
11469821
11655678
11684923
11626149
11517472
11423448
11369563
11620481
11469512
11864774
11627099
11656234
12225474
11628458
11597183
12294755
11852658
11520350
11621107
11873954
12290857
11489173
12228972
11888956
12226818
12215440
11622768
11430748
11622582
11621904
11631426
11376863
11453651
11627298
12313238
11377017
11478011
11885934
11511856
11425982
11466659
11383919
11514300
11618548
11547473
11480084
11661167
11627158
11854590
12309702
11449503
11545674
12208625
11431632
11854957
11690451
11463311
11421926
11549105
11383896
11863007
11870975
11597475
11470960
11862021
11659322
11425183
11399371
11550576
11380422
11517729
11483290
11515374
11433301
12224600
11540972
12301900
11632125
11973609
11696199
11497925
11695009
11457414
11870551
11447875
11658868
11794798
11361982
12208619
11410520
11690968
11684582
12217325
11872676
11497861
12229402
11658399
11976485
11873356
11880518
11633407
11514935
11597143
11426862
11871154
11692076
12209931
11460453
11471191
11484053
11435771
11464288
11796486
12225648
11484227
11854706
11751111
11857521
11968960
12314666
11858058
11474173
11481402
12290222
11621415
11749065
11475997
11501079
11689236
11440117
12294831
11485669
11550861
11447089
11508532
11796197
11420572
11418614
11396579
11551185
11868841
11433578
11733613
11431778
12223401
11856598
12312220
12229981
12226747
11436253
11866404
11600934
11402993
11859346
12297154
11377967
11868071
11695635
11468175
11405197
11966935
11466144
11627356
11402587
12228454
11899558
12223083
11852275
11379997
11462278
12035017
11427099
11973211
11488745
11405150
11977666
11405049
11467635
12208572
12220726
11886625
11438719
11367612
11488306
12228332
12289482
11430764
12306605
11495948
11882367
11470154
11436665
11486153
11685589
11440945
11975096
12207967
12305552
11661220
11416497
11443635
11368586
11461415
11377038
11634299
11882639
11882221
11887522
11863995
11449427
11632431
11868408
11864735
12300935
12225892
11497449
11461394
11368895
12314556
11504729
12306527
11538111
11795838
11655985
11551246
11794484
11776224
11484659
11462201
12217075
11612456
11877303
11404543
11685250
11867673
11854024
11621425
11862490
11376293
11686859
11544994
11595929
11827713
11865301
11773225
11629079
11622922
11492089
11385340
11484223
11655937
12224970
11631527
11551084
11687143
11479337
11440715
11495226
11448189
11695417
12307835
11383381
11410289
11508567
11536528
11600866
11863335
11465987
11524717
11884819
11523399
11505688
11464169
11689147
12297025
11621833
11496165
11857112
11486059
11661066
11462382
11495722
11853294
11620428
11617209
11506660
11881512
11426253
12086365
11449307
11420956
12219500
11489736
11885937
11524642
11375225
11591685
11599432
11604742
11626742
11478432
11430057
12301225
11794600
11967931
11796912
11617320
12228708
11970975
11375825
11967738
11407923
12295011
12219971
11469444
11796571
12304895
11440500
11382073
11967018
11854589
11466839
11702266
12303878
11622559
11449343
11883095
11621559
12312209
11390684
11600801
11471681
11417415
11546766
11658306
11422977
11683892
11874947
11450894
11614512
12220451
11394538
12223804
11863117
11473430
11776174
11481905
11480255
11622495
11853995
11852390
11616319
11688713
11655294
11546992
11604407
11482449
12224548
11591540
11865825
11875700
12207868
11691114
11428279
12306435
12313272
11632603
11452256
11884640
11462355
11551328
11840109
12302142
11522551
11507565
11857967
11473921
12221289
11424929
12208630
11473245
11865245
11469428
12225509
11968175
11636464
11423782
11775431
11865900
11967108
11689183
11610246
11595880
12224860
11879701
11413542
11640472
11975581
11547533
12035401
12288429
12295000
11379713
11971644
11468011
11389365
11619163
12225563
11506853
12215403
12218716
12215732
12311358
11500757
11500589
12311030
11522132
11459289
11656979
11852642
11478801
11873985
11409973
11744196
11633546
11689865
11976190
12093694
11620748
11774307
11618966
11466503
11595185
11431416
11661485
11455257
11851835
11617915
12300848
11412416
11631437
11637535
11367279
12314000
11613153
11657469
11877317
12314145
11858464
11861145
11473022
11429642
11883204
11456366
11772489
11971071
12210358
11451048
11852817
11548229
11376094
11620191
11661046
11748506
11827185
11485870
11616879
11634511
12218815
12223094
11375984
11975237
11689871
11860961
11505906
12035312
11597985
11969583
11621572
11604793
11366531
11500517
11376775
11967881
12227452
11425749
11871607
11655707
11861543
11470928
11969041
11884243
11401310
11428129
11370184
12304158
11446808
11695411
11391435
11886510
11853030
11400423
11515456
12310751
12314761
12304482
11975082
11545076
11550770
11403838
11976648
11421183
11774491
11417820
11537799
11886764
11827388
11968316
11495310
11972049
11524897
11537162
12223505
11600331
11773293
11399953
11865252
11968479
11414189
11865082
11607954
11688980
11659035
11855840
11478300
11688563
11411703
11621102
11393323
11631445
11413741
11463187
11377196
11868954
11690439
11599205
11689389
12209828
11861121
11362057
12304057
11435175
11589291
11972583
11612862
11602814
11370124
11882891
11392815
11430710
11600878
12317275
11411080
11974206
11601668
11931699
12221375
11660791
11773533
11472026
11591498
11551229
11612690
11485977
11442476
11593882
11652640
11487707
11400436
11661436
11610234
11846465
11859135
11512835
11975996
11610037
12313336
11591648
11405316
11862962
11872590
11508108
12317806
11429473
11972062
11488932
11413092
11426552
11433511
11471063
12306820
11657943
12313153
11460972
11471972
11856936
11510510
11477903
11629133
12288753
11361397
12288813
11714679
11855774
11450517
12291021
11447992
11495991
12226696
12035171
11523835
11827006
11377390
11854953
12209536
11409910
11515841
11447028
11689361
12309494
11498534
11776200
11512018
11512640
12303938
11452413
11975681
11507443
11433576
11549943
11447253
11858915
11884440
11874524
11861961
12296131
11470541
11544678
12216290
11613806
12318301
11581367
12217138
11375423
11771650
11511722
12313106
11525516
12215931
11831283
11970421
11382274
11425037
11881505
